foF2 variability tables
Table 2a:    foF2 variability:    Lower Decile,  Winter,  R12<50
90 0.67 0.67 0.67 0.67 0.67 0.67 0.67 0.67 0.67 0.67 0.67 0.67 0.67 0.67 0.67 0.67 0.67 0.67 0.67 0.67 0.67 0.67 0.67 0.67
85 0.64 0.64 0.64 0.66 0.66 0.66 0.67 0.68 0.68 0.68 0.68 0.70 0.70 0.70 0.70 0.68 0.68 0.68 0.68 0.67 0.67 0.67 0.66 0.64
80 0.60 0.60 0.62 0.65 0.65 0.65 0.67 0.69 0.69 0.69 0.70 0.72 0.72 0.72 0.70 0.68 0.68 0.68 0.68 0.67 0.67 0.67 0.64 0.60
75 0.64 0.64 0.66 0.68 0.68 0.68 0.70 0.72 0.72 0.72 0.73 0.74 0.74 0.74 0.73 0.72 0.72 0.72 0.70 0.68 0.68 0.68 0.66 0.64
70 0.68 0.68 0.70 0.71 0.71 0.71 0.73 0.75 0.75 0.75 0.76 0.76 0.76 0.76 0.76 0.75 0.75 0.75 0.72 0.70 0.70 0.70 0.69 0.68
65 0.71 0.71 0.72 0.74 0.74 0.74 0.76 0.78 0.78 0.78 0.78 0.78 0.78 0.78 0.78 0.78 0.78 0.78 0.75 0.72 0.72 0.72 0.72 0.71
60 0.74 0.74 0.75 0.76 0.76 0.76 0.78 0.80 0.80 0.80 0.80 0.80 0.80 0.80 0.81 0.82 0.82 0.82 0.78 0.73 0.73 0.73 0.74 0.74
55 0.76 0.76 0.76 0.77 0.77 0.77 0.80 0.82 0.82 0.82 0.82 0.82 0.82 0.82 0.82 0.83 0.83 0.83 0.78 0.74 0.74 0.74 0.75 0.76
50 0.79 0.79 0.78 0.78 0.78 0.78 0.80 0.83 0.83 0.83 0.84 0.85 0.85 0.85 0.84 0.84 0.84 0.84 0.80 0.76 0.76 0.76 0.78 0.79
45 0.80 0.80 0.79 0.78 0.78 0.78 0.81 0.84 0.84 0.84 0.85 0.86 0.86 0.86 0.86 0.86 0.86 0.86 0.81 0.76 0.76 0.76 0.78 0.80
40 0.81 0.81 0.80 0.79 0.79 0.79 0.82 0.85 0.85 0.85 0.86 0.87 0.87 0.87 0.88 0.89 0.89 0.89 0.83 0.77 0.77 0.77 0.79 0.81
35 0.81 0.81 0.78 0.76 0.76 0.76 0.81 0.86 0.86 0.86 0.85 0.84 0.84 0.84 0.86 0.87 0.87 0.87 0.82 0.78 0.78 0.78 0.80 0.81
30 0.81 0.81 0.78 0.74 0.74 0.74 0.80 0.86 0.86 0.86 0.84 0.82 0.82 0.82 0.84 0.85 0.85 0.85 0.82 0.78 0.78 0.78 0.80 0.81
25 0.80 0.80 0.75 0.70 0.70 0.70 0.78 0.86 0.86 0.86 0.82 0.78 0.78 0.78 0.80 0.81 0.81 0.81 0.80 0.78 0.78 0.78 0.79 0.80
20 0.78 0.78 0.72 0.67 0.67 0.67 0.77 0.87 0.87 0.87 0.81 0.75 0.75 0.75 0.76 0.77 0.77 0.77 0.78 0.79 0.79 0.79 0.78 0.78
15 0.74 0.74 0.71 0.68 0.68 0.68 0.76 0.88 0.88 0.88 0.84 0.80 0.80 0.80 0.81 0.82 0.82 0.82 0.80 0.79 0.79 0.79 0.76 0.74
10 0.71 0.71 0.70 0.70 0.70 0.70 0.79 0.88 0.88 0.88 0.87 0.86 0.86 0.86 0.86 0.87 0.87 0.87 0.83 0.79 0.79 0.79 0.75 0.71
 5 0.71 0.71 0.70 0.70 0.70 0.70 0.79 0.88 0.88 0.88 0.87 0.86 0.86 0.86 0.86 0.87 0.87 0.87 0.83 0.79 0.79 0.79 0.75 0.71
 0 0.72 0.72 0.72 0.72 0.72 0.72 0.78 0.84 0.84 0.84 0.84 0.84 0.84 0.84 0.84 0.84 0.84 0.84 0.80 0.74 0.74 0.74 0.74 0.72
Table 2b:    foF2 variability:    Lower Decile,  Winter,  50?R12?100
90 0.70 0.70 0.70 0.70 0.70 0.70 0.70 0.70 0.70 0.70 0.70 0.70 0.70 0.70 0.70 0.70 0.70 0.70 0.70 0.70 0.70 0.70 0.70 0.70
85 0.73 0.73 0.74 0.74 0.74 0.74 0.72 0.69 0.69 0.69 0.69 0.68 0.68 0.68 0.67 0.66 0.66 0.66 0.68 0.70 0.70 0.70 0.72 0.73
80 0.76 0.76 0.77 0.78 0.78 0.78 0.73 0.68 0.68 0.68 0.68 0.67 0.67 0.67 0.64 0.62 0.62 0.62 0.66 0.70 0.70 0.70 0.73 0.76
75 0.78 0.78 0.79 0.80 0.80 0.80 0.76 0.71 0.71 0.71 0.70 0.68 0.68 0.68 0.68 0.68 0.68 0.68 0.70 0.72 0.72 0.72 0.75 0.78
70 0.79 0.79 0.80 0.81 0.81 0.81 0.78 0.74 0.74 0.74 0.72 0.70 0.70 0.70 0.72 0.73 0.73 0.73 0.73 0.73 0.73 0.73 0.76 0.79
65 0.80 0.80 0.81 0.82 0.82 0.82 0.79 0.76 0.76 0.76 0.74 0.72 0.72 0.72 0.74 0.76 0.76 0.76 0.75 0.74 0.74 0.74 0.77 0.80
60 0.82 0.82 0.82 0.83 0.83 0.83 0.81 0.79 0.79 0.79 0.77 0.75 0.75 0.75 0.78 0.80 0.80 0.80 0.78 0.76 0.76 0.76 0.79 0.82
55 0.83 0.83 0.82 0.82 0.82 0.82 0.82 0.81 0.81 0.81 0.80 0.78 0.78 0.78 0.80 0.82 0.82 0.82 0.80 0.77 0.77 0.77 0.80 0.83
50 0.84 0.84 0.83 0.82 0.82 0.82 0.82 0.83 0.83 0.83 0.82 0.81 0.81 0.81 0.82 0.84 0.84 0.84 0.81 0.78 0.78 0.78 0.81 0.84
45 0.84 0.84 0.83 0.82 0.82 0.82 0.83 0.84 0.84 0.84 0.84 0.84 0.84 0.84 0.84 0.85 0.85 0.85 0.82 0.78 0.78 0.78 0.81 0.84
40 0.83 0.83 0.82 0.81 0.81 0.81 0.83 0.85 0.85 0.85 0.86 0.86 0.86 0.86 0.86 0.86 0.86 0.86 0.82 0.79 0.79 0.79 0.81 0.83
35 0.80 0.80 0.79 0.78 0.78 0.78 0.82 0.85 0.85 0.85 0.86 0.86 0.86 0.86 0.86 0.86 0.86 0.86 0.82 0.78 0.78 0.78 0.79 0.80
30 0.78 0.78 0.77 0.76 0.76 0.76 0.80 0.85 0.85 0.85 0.85 0.85 0.85 0.85 0.85 0.85 0.85 0.85 0.82 0.78 0.78 0.78 0.78 0.78
25 0.76 0.76 0.75 0.74 0.74 0.74 0.80 0.85 0.85 0.85 0.84 0.84 0.84 0.84 0.84 0.84 0.84 0.84 0.80 0.77 0.77 0.77 0.76 0.76
20 0.74 0.74 0.72 0.71 0.71 0.71 0.78 0.85 0.85 0.85 0.84 0.83 0.83 0.83 0.82 0.82 0.82 0.82 0.79 0.76 0.76 0.76 0.75 0.74
15 0.76 0.76 0.73 0.70 0.70 0.70 0.78 0.86 0.86 0.86 0.85 0.84 0.84 0.84 0.84 0.84 0.84 0.84 0.80 0.77 0.77 0.77 0.76 0.76
10 0.77 0.77 0.73 0.69 0.69 0.69 0.78 0.87 0.87 0.87 0.86 0.86 0.86 0.86 0.86 0.85 0.85 0.85 0.82 0.78 0.78 0.78 0.78 0.77
 5 0.77 0.77 0.73 0.69 0.69 0.69 0.78 0.87 0.87 0.87 0.86 0.86 0.86 0.86 0.86 0.85 0.85 0.85 0.82 0.78 0.78 0.78 0.78 0.77
 0 0.78 0.78 0.72 0.66 0.66 0.66 0.76 0.86 0.86 0.86 0.85 0.86 0.86 0.86 0.84 0.83 0.83 0.83 0.80 0.78 0.78 0.78 0.78 0.78
Table 2c:    foF2 variability:    Lower Decile,  Winter,  R12>100
90 0.68 0.68 0.68 0.68 0.68 0.68 0.68 0.68 0.68 0.68 0.68 0.68 0.68 0.68 0.68 0.68 0.68 0.68 0.68 0.68 0.68 0.68 0.68 0.68
85 0.65 0.65 0.67 0.69 0.69 0.69 0.70 0.71 0.71 0.71 0.69 0.68 0.68 0.68 0.67 0.66 0.66 0.66 0.68 0.70 0.70 0.70 0.68 0.65
80 0.62 0.62 0.66 0.70 0.70 0.70 0.72 0.74 0.74 0.74 0.70 0.67 0.67 0.67 0.66 0.64 0.64 0.64 0.68 0.73 0.73 0.73 0.68 0.62
75 0.66 0.66 0.69 0.72 0.72 0.72 0.74 0.76 0.76 0.76 0.73 0.70 0.70 0.70 0.69 0.68 0.68 0.68 0.72 0.76 0.76 0.76 0.71 0.66
70 0.69 0.69 0.72 0.74 0.74 0.74 0.76 0.77 0.77 0.77 0.74 0.72 0.72 0.72 0.72 0.72 0.72 0.72 0.75 0.78 0.78 0.78 0.74 0.69
65 0.73 0.73 0.74 0.76 0.76 0.76 0.78 0.79 0.79 0.79 0.78 0.76 0.76 0.76 0.76 0.76 0.76 0.76 0.78 0.80 0.80 0.80 0.76 0.73
60 0.77 0.77 0.78 0.78 0.78 0.78 0.80 0.81 0.81 0.81 0.80 0.80 0.80 0.80 0.80 0.79 0.79 0.79 0.80 0.82 0.82 0.82 0.80 0.77
55 0.80 0.80 0.80 0.79 0.79 0.79 0.80 0.82 0.82 0.82 0.83 0.84 0.84 0.84 0.83 0.82 0.82 0.82 0.83 0.84 0.84 0.84 0.82 0.80
50 0.83 0.83 0.82 0.80 0.80 0.80 0.82 0.84 0.84 0.84 0.86 0.87 0.87 0.87 0.86 0.84 0.84 0.84 0.85 0.86 0.86 0.86 0.84 0.83
45 0.84 0.84 0.82 0.80 0.80 0.80 0.83 0.86 0.86 0.86 0.87 0.88 0.88 0.88 0.87 0.86 0.86 0.86 0.86 0.86 0.86 0.86 0.85 0.84
40 0.86 0.86 0.84 0.81 0.81 0.81 0.84 0.87 0.87 0.87 0.88 0.90 0.90 0.90 0.88 0.87 0.87 0.87 0.87 0.87 0.87 0.87 0.86 0.86
35 0.84 0.84 0.81 0.78 0.78 0.78 0.83 0.88 0.88 0.88 0.89 0.90 0.90 0.90 0.89 0.88 0.88 0.88 0.87 0.86 0.86 0.86 0.85 0.84
30 0.83 0.83 0.80 0.76 0.76 0.76 0.82 0.89 0.89 0.89 0.90 0.90 0.90 0.90 0.89 0.88 0.88 0.88 0.87 0.86 0.86 0.86 0.84 0.83
25 0.80 0.80 0.76 0.73 0.73 0.73 0.81 0.89 0.89 0.89 0.90 0.90 0.90 0.90 0.89 0.88 0.88 0.88 0.86 0.84 0.84 0.84 0.82 0.80
20 0.78 0.78 0.74 0.70 0.70 0.70 0.80 0.89 0.89 0.89 0.89 0.89 0.89 0.89 0.89 0.89 0.89 0.89 0.86 0.83 0.83 0.83 0.80 0.78
15 0.80 0.80 0.76 0.73 0.73 0.73 0.81 0.89 0.89 0.89 0.90 0.90 0.90 0.90 0.90 0.89 0.89 0.89 0.86 0.84 0.84 0.84 0.82 0.80
10 0.83 0.83 0.80 0.76 0.76 0.76 0.82 0.89 0.89 0.89 0.90 0.90 0.90 0.90 0.90 0.89 0.89 0.89 0.86 0.84 0.84 0.84 0.84 0.83
 5 0.83 0.83 0.80 0.76 0.76 0.76 0.82 0.89 0.89 0.89 0.90 0.90 0.90 0.90 0.90 0.89 0.89 0.89 0.86 0.84 0.84 0.84 0.84 0.83
 0 0.82 0.82 0.80 0.78 0.78 0.78 0.82 0.88 0.88 0.88 0.89 0.90 0.90 0.90 0.88 0.87 0.87 0.87 0.84 0.81 0.81 0.81 0.82 0.82
Table 2d:    foF2 variability:    Lower Decile,  Equinox,  R12<50
90 0.69 0.69 0.69 0.69 0.69 0.69 0.69 0.69 0.69 0.69 0.69 0.69 0.69 0.69 0.69 0.69 0.69 0.69 0.69 0.69 0.69 0.69 0.69 0.69
85 0.68 0.68 0.70 0.70 0.70 0.70 0.71 0.72 0.72 0.72 0.72 0.71 0.71 0.71 0.72 0.74 0.74 0.74 0.70 0.67 0.67 0.67 0.68 0.68
80 0.67 0.67 0.70 0.72 0.72 0.72 0.73 0.74 0.74 0.74 0.74 0.73 0.73 0.73 0.76 0.80 0.80 0.80 0.72 0.65 0.65 0.65 0.66 0.67
75 0.68 0.68 0.71 0.74 0.74 0.74 0.74 0.75 0.75 0.75 0.74 0.74 0.74 0.74 0.78 0.81 0.81 0.81 0.74 0.67 0.67 0.67 0.68 0.68
70 0.70 0.70 0.72 0.75 0.75 0.75 0.76 0.76 0.76 0.76 0.75 0.74 0.74 0.74 0.78 0.82 0.82 0.82 0.76 0.69 0.69 0.69 0.70 0.70
65 0.72 0.72 0.74 0.76 0.76 0.76 0.77 0.78 0.78 0.78 0.76 0.74 0.74 0.74 0.78 0.82 0.82 0.82 0.76 0.71 0.71 0.71 0.72 0.72
60 0.73 0.73 0.76 0.78 0.78 0.78 0.79 0.80 0.80 0.80 0.78 0.75 0.75 0.75 0.78 0.81 0.81 0.81 0.77 0.73 0.73 0.73 0.73 0.73
55 0.74 0.74 0.76 0.79 0.79 0.79 0.80 0.80 0.80 0.80 0.78 0.76 0.76 0.76 0.78 0.81 0.81 0.81 0.78 0.74 0.74 0.74 0.74 0.74
50 0.75 0.75 0.78 0.80 0.80 0.80 0.80 0.81 0.81 0.81 0.78 0.76 0.76 0.76 0.78 0.81 0.81 0.81 0.78 0.76 0.76 0.76 0.76 0.75
45 0.76 0.76 0.78 0.80 0.80 0.80 0.80 0.81 0.81 0.81 0.78 0.76 0.76 0.76 0.78 0.80 0.80 0.80 0.78 0.77 0.77 0.77 0.76 0.76
40 0.77 0.77 0.79 0.81 0.81 0.81 0.0081.00 0.81 0.81 0.81 0.79 0.77 0.77 0.77 0.78 0.80 0.80 0.80 0.79 0.78 0.78 0.78 0.78
35 0.78 0.78 0.79 0.80 0.80 0.80 0.81 0.82 0.82 0.82 0.80 0.78 0.78 0.78 0.79 0.80 0.80 0.80 0.78 0.76 0.76 0.76 0.77 0.78
30 0.78 0.78 0.79 0.80 0.80 0.80 0.81 0.82 0.82 0.82 0.80 0.78 0.78 0.78 0.80 0.81 0.81 0.81 0.78 0.74 0.74 0.74 0.76 0.78
25 0.78 0.78 0.78 0.78 0.78 0.78 0.80 0.82 0.82 0.82 0.81 0.80 0.80 0.80 0.81 0.82 0.82 0.82 0.77 0.72 0.72 0.72 0.75 0.78
20 0.77 0.77 0.76 0.75 0.75 0.75 0.79 0.83 0.83 0.83 0.82 0.81 0.81 0.81 0.82 0.83 0.83 0.83 0.76 0.69 0.69 0.69 0.73 0.77
15 0.76 0.76 0.73 0.70 0.70 0.70 0.77 0.84 0.84 0.84 0.84 0.85 0.85 0.85 0.84 0.84 0.84 0.84 0.78 0.72 0.72 0.72 0.74 0.76
10 0.76 0.76 0.71 0.66 0.66 0.66 0.76 0.86 0.86 0.86 0.88 0.89 0.89 0.89 0.86 0.86 0.86 0.86 0.80 0.75 0.75 0.75 0.76 0.76
 5 0.76 0.76 0.71 0.66 0.66 0.66 0.76 0.86 0.86 0.86 0.88 0.89 0.89 0.89 0.86 0.86 0.86 0.86 0.80 0.75 0.75 0.75 0.76 0.76
 0 0.76 0.76 0.71 0.66 0.66 0.66 0.76 0.86 0.86 0.86 0.88 0.89 0.89 0.89 0.86 0.86 0.86 0.86 0.80 0.75 0.75 0.75 0.76 0.76
Table 2e:    foF2 variability:    Lower Decile,  Equinox,  50?R12?100
90 0.69 0.69 0.69 0.69 0.69 0.69 0.69 0.69 0.69 0.69 0.69 0.69 0.69 0.69 0.69 0.69 0.69 0.69 0.69 0.69 0.69 0.69 0.69 0.69
85 0.66 0.66 0.64 0.65 0.65 0.65 0.68 0.71 0.71 0.71 0.72 0.72 0.72 0.72 0.72 0.72 0.72 0.72 0.70 0.68 0.68 0.68 0.68 0.66
80 0.64 0.64 0.62 0.61 0.61 0.61 0.67 0.73 0.73 0.73 0.74 0.74 0.74 0.74 0.74 0.74 0.74 0.74 0.70 0.67 0.67 0.67 0.66 0.64
75 0.66 0.66 0.66 0.66 0.66 0.66 0.70 0.75 0.75 0.75 0.74 0.74 0.74 0.74 0.75 0.76 0.76 0.76 0.72 0.68 0.68 0.68 0.67 0.66
70 0.68 0.68 0.70 0.71 0.71 0.71 0.74 0.77 0.77 0.77 0.76 0.74 0.74 0.74 0.76 0.78 0.78 0.78 0.74 0.70 0.70 0.70 0.69 0.68
65 0.69 0.69 0.71 0.73 0.73 0.73 0.76 0.78 0.78 0.78 0.76 0.73 0.73 0.73 0.76 0.78 0.78 0.78 0.75 0.72 0.72 0.72 0.70 0.69
60 0.70 0.70 0.72 0.75 0.75 0.75 0.78 0.80 0.80 0.80 0.76 0.72 0.72 0.72 0.75 0.78 0.78 0.78 0.76 0.73 0.73 0.73 0.72 0.70
55 0.72 0.72 0.74 0.76 0.76 0.76 0.78 0.80 0.80 0.80 0.77 0.73 0.73 0.73 0.75 0.77 0.77 0.77 0.76 0.74 0.74 0.74 0.73 0.72
50 0.73 0.73 0.75 0.77 0.77 0.77 0.79 0.81 0.81 0.81 0.78 0.74 0.74 0.74 0.75 0.76 0.76 0.76 0.76 0.75 0.75 0.75 0.74 0.73
45 0.74 0.74 0.76 0.78 0.78 0.78 0.80 0.82 0.82 0.82 0.79 0.76 0.76 0.76 0.76 0.76 0.76 0.76 0.76 0.76 0.76 0.76 0.75 0.74
40 0.75 0.75 0.76 0.78 0.78 0.78 0.80 0.82 0.82 0.82 0.80 0.78 0.78 0.78 0.77 0.76 0.76 0.76 0.76 0.76 0.76 0.76 0.76 0.75
35 0.76 0.76 0.76 0.77 0.77 0.77 0.80 0.82 0.82 0.82 0.81 0.80 0.80 0.80 0.78 0.77 0.77 0.77 0.76 0.74 0.74 0.74 0.75 0.76
30 0.77 0.77 0.76 0.76 0.76 0.76 0.79 0.82 0.82 0.82 0.82 0.83 0.83 0.83 0.80 0.78 0.78 0.78 0.75 0.72 0.72 0.72 0.74 0.77
25 0.76 0.76 0.75 0.74 0.74 0.74 0.79 0.83 0.83 0.83 0.84 0.85 0.85 0.85 0.82 0.80 0.80 0.80 0.75 0.70 0.70 0.70 0.73 0.76
20 0.75 0.75 0.74 0.73 0.73 0.73 0.78 0.84 0.84 0.84 0.86 0.87 0.87 0.87 0.84 0.81 0.81 0.81 0.76 0.69 0.69 0.69 0.72 0.75
15 0.77 0.77 0.74 0.70 0.70 0.70 0.78 0.85 0.85 0.85 0.86 0.88 0.88 0.88 0.85 0.82 0.82 0.82 0.78 0.74 0.74 0.74 0.76 0.77
10 0.79 0.79 0.74 0.68 0.68 0.68 0.77 0.86 0.86 0.86 0.88 0.89 0.89 0.89 0.86 0.84 0.84 0.84 0.82 0.80 0.80 0.80 0.80 0.79
 5 0.79 0.79 0.74 0.68 0.68 0.68 0.77 0.86 0.86 0.86 0.88 0.89 0.89 0.89 0.86 0.84 0.84 0.84 0.82 0.80 0.80 0.80 0.80 0.79
 0 0.79 0.79 0.74 0.68 0.68 0.68 0.77 0.86 0.86 0.86 0.88 0.89 0.89 0.89 0.86 0.84 0.84 0.84 0.82 0.80 0.80 0.80 0.80 0.79
Table 2f:    foF2 variability:    Lower Decile,  Equinox,  R12>100
90 0.69 0.69 0.69 0.69 0.69 0.69 0.69 0.69 0.69 0.69 0.69 0.69 0.69 0.69 0.69 0.69 0.69 0.69 0.69 0.69 0.69 0.69 0.69 0.69
85 0.68 0.68 0.68 0.68 0.68 0.68 0.70 0.72 0.72 0.72 0.70 0.68 0.68 0.68 0.68 0.70 0.70 0.70 0.70 0.70 0.70 0.70 0.69 0.68
80 0.66 0.66 0.66 0.67 0.67 0.67 0.71 0.75 0.75 0.75 0.70 0.66 0.66 0.66 0.68 0.70 0.70 0.70 0.71 0.72 0.72 0.72 0.69 0.66
75 0.66 0.66 0.68 0.69 0.69 0.69 0.72 0.74 0.74 0.74 0.71 0.68 0.68 0.68 0.69 0.70 0.70 0.70 0.71 0.72 0.72 0.72 0.69 0.66
70 0.67 0.67 0.69 0.71 0.71 0.71 0.72 0.73 0.73 0.73 0.72 0.70 0.70 0.70 0.70 0.70 0.70 0.70 0.71 0.72 0.72 0.72 0.70 0.67
65 0.68 0.68 0.70 0.73 0.73 0.73 0.72 0.72 0.72 0.72 0.71 0.70 0.70 0.70 0.70 0.70 0.70 0.70 0.71 0.72 0.72 0.72 0.70 0.68
60 0.69 0.69 0.72 0.75 0.75 0.75 0.73 0.71 0.71 0.71 0.71 0.71 0.71 0.71 0.71 0.71 0.71 0.71 0.72 0.72 0.72 0.72 0.70 0.69
55 0.70 0.70 0.73 0.76 0.76 0.76 0.73 0.70 0.70 0.70 0.71 0.72 0.72 0.72 0.72 0.72 0.72 0.72 0.72 0.72 0.72 0.72 0.71 0.70
50 0.71 0.71 0.74 0.78 0.78 0.78 0.74 0.70 0.70 0.70 0.72 0.72 0.72 0.72 0.74 0.74 0.74 0.74 0.74 0.73 0.73 0.73 0.72 0.71
45 0.75 0.75 0.78 0.80 0.80 0.80 0.76 0.72 0.72 0.72 0.74 0.75 0.75 0.75 0.76 0.77 0.77 0.77 0.78 0.78 0.78 0.78 0.77 0.75
40 0.79 0.79 0.80 0.82 0.82 0.82 0.78 0.75 0.75 0.75 0.76 0.78 0.78 0.78 0.79 0.80 0.80 0.80 0.82 0.84 0.84 0.84 0.82 0.79
35 0.80 0.80 0.81 0.82 0.82 0.82 0.82 0.81 0.81 0.81 0.82 0.82 0.82 0.82 0.83 0.84 0.84 0.84 0.84 0.85 0.85 0.85 0.82 0.80
30 0.81 0.81 0.81 0.82 0.82 0.82 0.84 0.87 0.87 0.87 0.87 0.87 0.87 0.87 0.87 0.87 0.87 0.87 0.86 0.86 0.86 0.86 0.84 0.81
25 0.81 0.81 0.80 0.80 0.80 0.80 0.84 0.88 0.88 0.88 0.89 0.90 0.90 0.90 0.89 0.88 0.88 0.88 0.87 0.86 0.86 0.86 0.83 0.81
20 0.81 0.81 0.79 0.77 0.77 0.77 0.83 0.89 0.89 0.89 0.90 0.92 0.92 0.92 0.91 0.90 0.90 0.90 0.88 0.85 0.85 0.85 0.83 0.81
15 0.80 0.80 0.79 0.78 0.78 0.78 0.73 0.88 0.88 0.88 0.89 0.91 0.91 0.91 0.90 0.90 0.90 0.90 0.87 0.84 0.84 0.84 0.82 0.80
10 0.80 0.80 0.80 0.79 0.79 0.79 0.82 0.86 0.86 0.86 0.88 0.90 0.90 0.90 0.90 0.90 0.90 0.90 0.86 0.82 0.82 0.82 0.81 0.80
 5 0.80 0.80 0.80 0.79 0.79 0.79 0.82 0.86 0.86 0.86 0.88 0.90 0.90 0.90 0.90 0.90 0.90 0.90 0.86 0.82 0.82 0.82 0.81 0.80
 0 0.80 0.80 0.80 0.79 0.79 0.79 0.82 0.86 0.86 0.86 0.88 0.90 0.90 0.90 0.90 0.90 0.90 0.90 0.86 0.82 0.82 0.82 0.81 0.80
Table 2g:    foF2 variability:    Lower Decile,  Summer,  R12<50
90 0.80 0.80 0.80 0.80 0.80 0.80 0.80 0.80 0.80 0.80 0.80 0.80 0.80 0.80 0.80 0.80 0.80 0.80 0.80 0.80 0.80 0.80 0.80 0.80
85 0.74 0.74 0.77 0.80 0.80 0.80 0.81 0.82 0.82 0.82 0.83 0.84 0.84 0.84 0.83 0.82 0.82 0.82 0.80 0.78 0.78 0.78 0.76 0.74
80 0.68 0.68 0.74 0.79 0.79 0.79 0.82 0.84 0.84 0.84 0.86 0.87 0.87 0.87 0.86 0.85 0.85 0.85 0.80 0.76 0.76 0.76 0.72 0.68
75 0.69 0.69 0.74 0.80 0.80 0.80 0.82 0.84 0.84 0.84 0.85 0.86 0.86 0.86 0.86 0.86 0.86 0.86 0.81 0.76 0.76 0.76 0.73 0.69
70 0.70 0.70 0.76 0.81 0.81 0.81 0.82 0.83 0.83 0.83 0.84 0.86 0.86 0.86 0.86 0.86 0.86 0.86 0.82 0.77 0.77 0.77 0.74 0.70
65 0.71 0.71 0.76 0.82 0.82 0.82 0.83 0.83 0.83 0.83 0.84 0.85 0.85 0.85 0.86 0.86 0.86 0.86 0.82 0.79 0.79 0.79 0.75 0.71
60 0.72 0.72 0.78 0.84 0.84 0.84 0.84 0.83 0.83 0.83 0.84 0.84 0.84 0.84 0.85 0.86 0.86 0.86 0.84 0.81 0.81 0.81 0.76 0.72
55 0.74 0.74 0.79 0.84 0.84 0.84 0.83 0.82 0.82 0.82 0.83 0.84 0.84 0.84 0.85 0.86 0.86 0.86 0.84 0.82 0.82 0.82 0.78 0.74
50 0.75 0.75 0.80 0.85 0.85 0.85 0.84 0.82 0.82 0.82 0.82 0.83 0.83 0.83 0.84 0.85 0.85 0.85 0.84 0.84 0.84 0.84 0.80 0.75
45 0.77 0.77 0.80 0.85 0.85 0.85 0.83 0.81 0.81 0.81 0.82 0.82 0.82 0.82 0.83 0.84 0.84 0.84 0.84 0.84 0.84 0.84 0.80 0.77
40 0.79 0.79 0.82 0.85 0.85 0.85 0.82 0.80 0.80 0.80 0.81 0.82 0.82 0.82 0.82 0.83 0.83 0.83 0.84 0.85 0.85 0.85 0.82 0.79
35 0.79 0.79 0.81 0.84 0.84 0.84 0.81 0.79 0.79 0.79 0.80 0.81 0.81 0.81 0.81 0.82 0.82 0.82 0.82 0.82 0.82 0.82 0.81 0.79
30 0.79 0.79 0.80 0.82 0.82 0.82 0.80 0.78 0.78 0.78 0.79 0.80 0.80 0.80 0.80 0.81 0.81 0.81 0.80 0.80 0.80 0.80 0.80 0.79
25 0.78 0.78 0.79 0.80 0.80 0.80 0.79 0.78 0.78 0.78 0.78 0.80 0.80 0.80 0.80 0.80 0.80 0.80 0.78 0.76 0.76 0.76 0.77 0.78
20 0.77 0.77 0.78 0.78 0.78 0.78 0.78 0.77 0.77 0.77 0.78 0.79 0.79 0.79 0.79 0.79 0.79 0.79 0.76 0.73 0.73 0.73 0.75 0.77
15 0.76 0.76 0.76 0.76 0.76 0.76 0.78 0.78 0.78 0.78 0.80 0.81 0.81 0.81 0.81 0.80 0.80 0.80 0.76 0.71 0.71 0.71 0.73 0.76
10 0.74 0.74 0.74 0.75 0.75 0.75 0.78 0.80 0.80 0.80 0.82 0.83 0.83 0.83 0.82 0.82 0.82 0.82 0.76 0.69 0.69 0.69 0.72 0.74
 5 0.74 0.74 0.74 0.75 0.75 0.75 0.78 0.80 0.80 0.80 0.82 0.83 0.83 0.83 0.82 0.82 0.82 0.82 0.76 0.69 0.69 0.69 0.72 0.74
 0 0.72 0.72 0.72 0.72 0.72 0.72 0.78 0.84 0.84 0.84 0.84 0.84 0.84 0.84 0.84 0.84 0.84 0.84 0.80 0.74 0.74 0.74 0.74 0.72
Table 2h:    foF2 variability:    Lower Decile,  Summer,  50?R12?100
90 0.81 0.81 0.81 0.81 0.81 0.81 0.81 0.81 0.81 0.81 0.81 0.81 0.81 0.81 0.81 0.81 0.81 0.81 0.81 0.81 0.81 0.81 0.81 0.81
85 0.82 0.82 0.81 0.80 0.80 0.80 0.81 0.82 0.82 0.82 0.82 0.83 0.83 0.83 0.82 0.80 0.80 0.80 0.80 0.80 0.80 0.80 0.80 0.82
80 0.82 0.82 0.81 0.80 0.80 0.80 0.81 0.82 0.82 0.82 0.84 0.85 0.85 0.85 0.82 0.80 0.80 0.80 0.80 0.79 0.79 0.79 0.80 0.82
75 0.82 0.82 0.82 0.81 0.81 0.81 0.81 0.80 0.80 0.80 0.82 0.84 0.84 0.84 0.82 0.81 0.81 0.81 0.81 0.80 0.80 0.80 0.81 0.82
70 0.83 0.83 0.82 0.82 0.82 0.82 0.80 0.79 0.79 0.79 0.80 0.82 0.82 0.82 0.82 0.82 0.82 0.82 0.82 0.82 0.82 0.82 0.82 0.83
65 0.83 0.83 0.82 0.82 0.82 0.82 0.80 0.78 0.78 0.78 0.79 0.80 0.80 0.80 0.81 0.82 0.82 0.82 0.82 0.82 0.82 0.82 0.83 0.83
60 0.83 0.83 0.82 0.82 0.82 0.82 0.80 0.77 0.77 0.77 0.78 0.79 0.79 0.79 0.80 0.82 0.82 0.82 0.82 0.83 0.83 0.83 0.83 0.83
55 0.82 0.82 0.82 0.82 0.82 0.82 0.79 0.76 0.76 0.76 0.77 0.78 0.78 0.78 0.80 0.82 0.82 0.82 0.82 0.82 0.82 0.82 0.82 0.82
50 0.81 0.81 0.81 0.81 0.81 0.81 0.78 0.76 0.76 0.76 0.76 0.77 0.77 0.77 0.79 0.81 0.81 0.81 0.82 0.82 0.82 0.82 0.82 0.81
45 0.80 0.80 0.80 0.80 0.80 0.80 0.78 0.76 0.76 0.76 0.76 0.78 0.78 0.78 0.78 0.80 0.80 0.80 0.80 0.80 0.80 0.80 0.80 0.80
40 0.78 0.78 0.78 0.78 0.78 0.78 0.76 0.75 0.75 0.75 0.76 0.78 0.78 0.78 0.78 0.78 0.78 0.78 0.78 0.78 0.78 0.78 0.78 0.78
35 0.78 0.78 0.79 0.80 0.80 0.80 0.78 0.75 0.75 0.75 0.76 0.78 0.78 0.78 0.78 0.78 0.78 0.78 0.77 0.76 0.76 0.76 0.77 0.78
30 0.77 0.77 0.80 0.83 0.83 0.83 0.79 0.75 0.75 0.75 0.77 0.79 0.79 0.79 0.78 0.77 0.77 0.77 0.76 0.74 0.74 0.74 0.76 0.77
25 0.77 0.77 0.76 0.76 0.76 0.76 0.76 0.76 0.76 0.76 0.79 0.80 0.80 0.80 0.79 0.78 0.78 0.78 0.76 0.74 0.74 0.74 0.75 0.77
20 0.77 0.77 0.73 0.69 0.69 0.69 0.74 0.78 0.78 0.78 0.80 0.82 0.82 0.82 0.80 0.78 0.78 0.78 0.76 0.73 0.73 0.73 0.75 0.77
15 0.78 0.78 0.72 0.66 0.66 0.66 0.74 0.81 0.81 0.81 0.82 0.84 0.84 0.84 0.82 0.80 0.80 0.80 0.77 0.75 0.75 0.75 0.76 0.78
10 0.79 0.79 0.71 0.63 0.63 0.63 0.74 0.84 0.84 0.84 0.84 0.85 0.85 0.85 0.83 0.81 0.81 0.81 0.79 0.77 0.77 0.77 0.78 0.79
 5 0.79 0.79 0.71 0.63 0.63 0.63 0.74 0.84 0.84 0.84 0.84 0.85 0.85 0.85 0.83 0.81 0.81 0.81 0.79 0.77 0.77 0.77 0.78 0.79
 0 0.78 0.78 0.72 0.66 0.66 0.66 0.76 0.86 0.86 0.86 0.85 0.86 0.86 0.86 0.84 0.83 0.83 0.83 0.80 0.78 0.78 0.78 0.78 0.78
Table 2i:    foF2 variability:    Lower Decile,  Summer,  R12>100
90 0.78 0.78 0.78 0.78 0.78 0.78 0.78 0.78 0.78 0.78 0.78 0.78 0.78 0.78 0.78 0.78 0.78 0.78 0.78 0.78 0.78 0.78 0.78 0.78
85 0.76 0.76 0.76 0.76 0.76 0.76 0.78 0.80 0.80 0.80 0.80 0.80 0.80 0.80 0.80 0.78 0.78 0.78 0.78 0.76 0.76 0.76 0.76 0.76
80 0.73 0.73 0.74 0.74 0.74 0.74 0.78 0.82 0.82 0.82 0.82 0.83 0.83 0.83 0.81 0.79 0.79 0.79 0.77 0.75 0.75 0.75 0.74 0.73
75 0.74 0.74 0.74 0.74 0.74 0.74 0.77 0.80 0.80 0.80 0.80 0.82 0.82 0.82 0.81 0.80 0.80 0.80 0.78 0.76 0.76 0.76 0.75 0.74
70 0.75 0.75 0.75 0.75 0.75 0.75 0.76 0.77 0.77 0.77 0.78 0.80 0.80 0.80 0.81 0.80 0.80 0.80 0.78 0.77 0.77 0.77 0.76 0.75
65 0.76 0.76 0.76 0.76 0.76 0.76 0.76 0.76 0.76 0.76 0.77 0.78 0.78 0.78 0.79 0.80 0.80 0.80 0.79 0.78 0.78 0.78 0.77 0.76
60 0.77 0.77 0.76 0.76 0.76 0.76 0.75 0.74 0.74 0.74 0.76 0.77 0.77 0.77 0.78 0.80 0.80 0.80 0.80 0.80 0.80 0.80 0.78 0.77
55 0.78 0.78 0.77 0.76 0.76 0.76 0.75 0.74 0.74 0.74 0.75 0.76 0.76 0.76 0.78 0.80 0.80 0.80 0.81 0.82 0.82 0.82 0.80 0.78
50 0.79 0.79 0.78 0.76 0.76 0.76 0.74 0.73 0.73 0.73 0.74 0.75 0.75 0.75 0.78 0.80 0.80 0.80 0.82 0.84 0.84 0.84 0.82 0.79
45 0.80 0.80 0.78 0.76 0.76 0.76 0.75 0.74 0.74 0.74 0.74 0.75 0.75 0.75 0.77 0.80 0.80 0.80 0.82 0.84 0.84 0.84 0.82 0.80
40 0.80 0.80 0.78 0.76 0.76 0.76 0.76 0.75 0.75 0.75 0.75 0.75 0.75 0.75 0.77 0.79 0.79 0.79 0.82 0.84 0.84 0.84 0.82 0.80
35 0.80 0.80 0.78 0.76 0.76 0.76 0.77 0.78 0.78 0.78 0.78 0.78 0.78 0.78 0.78 0.79 0.79 0.79 0.80 0.84 0.84 0.84 0.82 0.80
30 0.81 0.81 0.78 0.76 0.76 0.76 0.78 0.82 0.82 0.82 0.82 0.81 0.81 0.81 0.80 0.79 0.79 0.79 0.81 0.83 0.83 0.83 0.82 0.81
25 0.81 0.81 0.78 0.76 0.76 0.76 0.80 0.84 0.84 0.84 0.84 0.84 0.84 0.84 0.82 0.80 0.80 0.80 0.81 0.82 0.82 0.82 0.81 0.81
20 0.81 0.81 0.79 0.77 0.77 0.77 0.81 0.85 0.85 0.85 0.86 0.86 0.86 0.86 0.84 0.81 0.81 0.81 0.80 0.80 0.80 0.80 0.80 0.81
15 0.80 0.80 0.79 0.78 0.78 0.78 0.82 0.86 0.86 0.86 0.87 0.88 0.88 0.88 0.85 0.83 0.83 0.83 0.81 0.79 0.79 0.79 0.80 0.80
10 0.80 0.80 0.80 0.79 0.79 0.79 0.82 0.86 0.86 0.86 0.88 0.89 0.89 0.89 0.87 0.85 0.85 0.85 0.82 0.78 0.78 0.78 0.79 0.80
 5 0.80 0.80 0.80 0.79 0.79 0.79 0.82 0.86 0.86 0.86 0.88 0.89 0.89 0.89 0.87 0.85 0.85 0.85 0.82 0.78 0.78 0.78 0.79 0.80
 0 0.82 0.82 0.80 0.78 0.78 0.78 0.82 0.88 0.88 0.88 0.89 0.90 0.90 0.90 0.88 0.87 0.87 0.87 0.84 0.81 0.81 0.81 0.82 0.82
Table 3a:    foF2 variability:    Upper Decile,  Winter,  R12<50
90 1.38 1.38 1.38 1.38 1.38 1.38 1.38 1.38 1.38 1.38 1.38 1.38 1.38 1.38 1.38 1.38 1.38 1.38 1.38 1.38 1.38 1.38 1.38 1.38
85 1.41 1.41 1.38 1.36 1.36 1.36 1.39 1.42 1.42 1.42 1.38 1.35 1.35 1.35 1.35 1.36 1.36 1.36 1.37 1.39 1.39 1.39 1.40 1.41
80 1.44 1.44 1.39 1.34 1.34 1.34 1.40 1.45 1.45 1.45 1.38 1.32 1.32 1.32 1.32 1.33 1.33 1.33 1.36 1.40 1.40 1.40 1.42 1.44
75 1.40 1.40 1.36 1.32 1.32 1.32 1.37 1.42 1.42 1.42 1.34 1.28 1.28 1.28 1.28 1.28 1.28 1.28 1.33 1.38 1.38 1.38 1.39 1.40
70 1.37 1.37 1.33 1.29 1.29 1.29 1.34 1.38 1.38 1.38 1.30 1.23 1.23 1.23 1.24 1.24 1.24 1.24 1.30 1.35 1.35 1.35 1.36 1.37
65 1.34 1.34 1.30 1.26 1.26 1.26 1.30 1.32 1.32 1.32 1.26 1.19 1.19 1.19 1.20 1.20 1.20 1.20 1.26 1.32 1.32 1.32 1.33 1.34
60 1.30 1.30 1.27 1.24 1.24 1.24 1.26 1.27 1.27 1.27 1.21 1.15 1.15 1.15 1.16 1.17 1.17 1.17 1.24 1.30 1.30 1.30 1.30 1.30
55 1.28 1.28 1.25 1.22 1.22 1.22 1.22 1.22 1.22 1.22 1.18 1.14 1.14 1.14 1.14 1.14 1.14 1.14 1.21 1.28 1.28 1.28 1.28 1.28
50 1.25 1.25 1.23 1.21 1.21 1.21 1.18 1.16 1.16 1.16 1.14 1.12 1.12 1.12 1.12 1.12 1.12 1.12 1.18 1.25 1.25 1.25 1.25 1.25
45 1.24 1.24 1.22 1.20 1.20 1.20 1.18 1.14 1.14 1.14 1.13 1.12 1.12 1.12 1.12 1.12 1.12 1.12 1.18 1.24 1.24 1.24 1.24 1.24
40 1.23 1.23 1.22 1.20 1.20 1.20 1.18 1.13 1.13 1.13 1.12 1.11 1.11 1.11 1.11 1.11 1.11 1.11 1.17 1.23 1.23 1.23 1.23 1.23
35 1.26 1.26 1.25 1.25 1.25 1.25 1.20 1.14 1.14 1.14 1.14 1.14 1.14 1.14 1.12 1.13 1.13 1.13 1.20 1.26 1.26 1.26 1.26 1.26
30 1.28 1.28 1.29 1.30 1.30 1.30 1.22 1.15 1.15 1.15 1.16 1.17 1.17 1.17 1.16 1.15 1.15 1.15 1.22 1.28 1.28 1.28 1.28 1.28
25 1.31 1.31 1.32 1.34 1.34 1.34 1.25 1.17 1.17 1.17 1.18 1.18 1.18 1.18 1.19 1.20 1.20 1.20 1.25 1.30 1.30 1.30 1.30 1.31
20 1.34 1.34 1.36 1.37 1.37 1.37 1.28 1.19 1.19 1.19 1.20 1.20 1.20 1.20 1.22 1.24 1.24 1.24 1.28 1.32 1.32 1.32 1.33 1.34
15 1.30 1.30 1.34 1.38 1.38 1.38 1.28 1.18 1.18 1.18 1.18 1.18 1.18 1.18 1.18 1.19 1.19 1.19 1.22 1.26 1.26 1.26 1.28 1.30
10 1.27 1.27 1.32 1.38 1.38 1.38 1.28 1.18 1.18 1.18 1.16 1.15 1.15 1.15 1.14 1.14 1.14 1.14 1.17 1.20 1.20 1.20 1.24 1.27
 5 1.27 1.27 1.32 1.38 1.38 1.38 1.28 1.18 1.18 1.18 1.16 1.15 1.15 1.15 1.14 1.14 1.14 1.14 1.17 1.20 1.20 1.20 1.24 1.27
 0 1.24 1.24 1.30 1.38 1.38 1.38 1.26 1.15 1.15 1.15 1.18 1.22 1.22 1.22 1.21 1.20 1.20 1.20 1.20 1.20 1.20 1.20 1.22 1.24
Table 3b:    foF2 variability:    Upper Decile,  Winter,  50?R12?100
90 1.41 1.41 1.41 1.41 1.41 1.41 1.41 1.41 1.41 1.41 1.41 1.41 1.41 1.41 1.41 1.41 1.41 1.41 1.41 1.41 1.41 1.41 1.41 1.41
85 1.43 1.43 1.42 1.40 1.40 1.40 1.42 1.42 1.42 1.42 1.42 1.40 1.40 1.40 1.38 1.37 1.37 1.37 1.40 1.43 1.43 1.43 1.43 1.43
80 1.45 1.45 1.42 1.39 1.39 1.39 1.42 1.44 1.44 1.44 1.42 1.40 1.40 1.40 1.36 1.33 1.33 1.33 1.39 1.45 1.45 1.45 1.45 1.45
75 1.42 1.42 1.38 1.35 1.35 1.35 1.38 1.40 1.40 1.40 1.38 1.36 1.36 1.36 1.33 1.31 1.31 1.31 1.37 1.43 1.43 1.43 1.42 1.42
70 1.39 1.39 1.35 1.31 1.31 1.31 1.34 1.37 1.37 1.37 1.34 1.32 1.32 1.32 1.30 1.29 1.29 1.29 1.35 1.41 1.41 1.41 1.40 1.39
65 1.36 1.36 1.32 1.28 1.28 1.28 1.29 1.31 1.31 1.31 1.29 1.26 1.26 1.26 1.26 1.26 1.26 1.26 1.32 1.37 1.37 1.37 1.36 1.36
60 1.33 1.33 1.28 1.24 1.24 1.24 1.24 1.25 1.25 1.25 1.23 1.21 1.21 1.21 1.22 1.22 1.22 1.22 1.28 1.33 1.33 1.33 1.33 1.33
55 1.32 1.32 1.26 1.22 1.22 1.22 1.20 1.20 1.20 1.20 1.19 1.18 1.18 1.18 1.18 1.19 1.19 1.19 1.25 1.31 1.31 1.31 1.31 1.32
50 1.30 1.30 1.24 1.19 1.19 1.19 1.16 1.14 1.14 1.14 1.14 1.15 1.15 1.15 1.16 1.16 1.16 1.16 1.22 1.29 1.29 1.29 1.30 1.30
45 1.28 1.28 1.23 1.18 1.18 1.18 1.15 1.13 1.13 1.13 1.14 1.14 1.14 1.14 1.15 1.15 1.15 1.15 1.22 1.28 1.28 1.28 1.28 1.28
40 1.27 1.27 1.22 1.17 1.17 1.17 1.14 1.12 1.12 1.12 1.13 1.14 1.14 1.14 1.14 1.14 1.14 1.14 1.21 1.28 1.28 1.28 1.28 1.27
35 1.28 1.28 1.26 1.24 1.24 1.24 1.19 1.14 1.14 1.14 1.14 1.16 1.16 1.16 1.16 1.16 1.16 1.16 1.23 1.30 1.30 1.30 1.29 1.28
30 1.30 1.30 1.30 1.31 1.31 1.31 1.24 1.16 1.16 1.16 1.17 1.18 1.18 1.18 1.18 1.18 1.18 1.18 1.25 1.32 1.32 1.32 1.31 1.30
25 1.32 1.32 1.33 1.34 1.34 1.34 1.25 1.16 1.16 1.16 1.18 1.20 1.20 1.20 1.21 1.22 1.22 1.22 1.29 1.36 1.36 1.36 1.34 1.32
20 1.33 1.33 1.36 1.38 1.38 1.38 1.28 1.17 1.17 1.17 1.20 1.22 1.22 1.22 1.24 1.26 1.26 1.26 1.33 1.40 1.40 1.40 1.36 1.33
15 1.27 1.27 1.30 1.32 1.32 1.32 1.24 1.16 1.16 1.16 1.17 1.18 1.18 1.18 1.19 1.20 1.20 1.20 1.26 1.32 1.32 1.32 1.29 1.27
10 1.21 1.21 1.24 1.26 1.26 1.26 1.20 1.14 1.14 1.14 1.14 1.13 1.13 1.13 1.14 1.15 1.15 1.15 1.19 1.23 1.23 1.23 1.22 1.21
 5 1.21 1.21 1.24 1.26 1.26 1.26 1.20 1.14 1.14 1.14 1.14 1.13 1.13 1.13 1.14 1.15 1.15 1.15 1.19 1.23 1.23 1.23 1.22 1.21
 0 1.24 1.24 1.34 1.35 1.35 1.35 1.24 1.12 1.12 1.12 1.17 1.20 1.20 1.20 1.21 1.22 1.22 1.22 1.22 1.22 1.22 1.22 1.23 1.24
Table 3c:    foF2 variability:    Upper Decile,  Winter,  R12>100
90 1.38 1.38 1.38 1.38 1.38 1.38 1.38 1.38 1.38 1.38 1.38 1.38 1.38 1.38 1.38 1.38 1.38 1.38 1.38 1.38 1.38 1.38 1.38 1.38
85 1.37 1.37 1.35 1.32 1.32 1.32 1.36 1.40 1.40 1.40 1.40 1.40 1.40 1.40 1.40 1.39 1.39 1.39 1.40 1.40 1.40 1.40 1.39 1.37
80 1.36 1.36 1.32 1.27 1.27 1.27 1.34 1.41 1.41 1.41 1.42 1.42 1.42 1.42 1.41 1.40 1.40 1.40 1.42 1.43 1.43 1.43 1.40 1.36
75 1.34 1.34 1.30 1.26 1.26 1.26 1.32 1.38 1.38 1.38 1.37 1.36 1.36 1.36 1.32 1.28 1.28 1.28 1.33 1.38 1.38 1.38 1.36 1.34
70 1.31 1.31 1.28 1.25 1.25 1.25 1.30 1.34 1.34 1.34 1.32 1.30 1.30 1.30 1.23 1.16 1.16 1.16 1.25 1.34 1.34 1.34 1.32 1.31
65 1.28 1.28 1.26 1.24 1.24 1.24 1.27 1.29 1.29 1.29 1.26 1.24 1.24 1.24 1.19 1.14 1.14 1.14 1.22 1.30 1.30 1.30 1.29 1.28
60 1.26 1.26 1.24 1.23 1.23 1.23 1.24 1.24 1.24 1.24 1.21 1.18 1.18 1.18 1.14 1.11 1.11 1.11 1.18 1.26 1.26 1.26 1.26 1.26
55 1.22 1.22 1.22 1.21 1.21 1.21 1.21 1.20 1.20 1.20 1.17 1.14 1.14 1.14 1.12 1.10 1.10 1.10 1.16 1.23 1.23 1.23 1.23 1.22
50 1.19 1.19 1.19 1.19 1.19 1.19 1.18 1.16 1.16 1.16 1.14 1.11 1.11 1.11 1.10 1.09 1.09 1.09 1.14 1.20 1.20 1.20 1.20 1.19
45 1.17 1.17 1.16 1.16 1.16 1.16 1.15 1.14 1.14 1.14 1.12 1.10 1.10 1.10 1.10 1.09 1.09 1.09 1.13 1.17 1.17 1.17 1.17 1.17
40 1.15 1.15 1.14 1.14 1.14 1.14 1.14 1.13 1.13 1.13 1.11 1.09 1.09 1.09 1.09 1.09 1.09 1.09 1.12 1.14 1.14 1.14 1.14 1.15
35 1.18 1.18 1.19 1.20 1.20 1.20 1.16 1.12 1.12 1.12 1.11 1.09 1.09 1.09 1.10 1.10 1.10 1.10 1.12 1.14 1.14 1.14 1.16 1.18
30 1.22 1.22 1.24 1.26 1.26 1.26 1.19 1.12 1.12 1.12 1.10 1.09 1.09 1.09 1.10 1.11 1.11 1.11 1.12 1.13 1.13 1.13 1.18 1.22
25 1.27 1.27 1.29 1.30 1.30 1.30 1.21 1.12 1.12 1.12 1.11 1.10 1.10 1.10 1.11 1.12 1.12 1.12 1.14 1.16 1.16 1.16 1.22 1.27
20 1.32 1.32 1.34 1.35 1.35 1.35 1.24 1.12 1.12 1.12 1.12 1.12 1.12 1.12 1.13 1.14 1.14 1.14 1.17 1.20 1.20 1.20 1.26 1.32
15 1.25 1.25 1.28 1.30 1.30 1.30 1.22 1.13 1.13 1.13 1.13 1.12 1.12 1.12 1.13 1.14 1.14 1.14 1.17 1.20 1.20 1.20 1.22 1.25
10 1.18 1.18 1.22 1.25 1.25 1.25 1.20 1.14 1.14 1.14 1.14 1.13 1.13 1.13 1.14 1.15 1.15 1.15 1.18 1.20 1.20 1.20 1.19 1.18
 5 1.18 1.18 1.22 1.25 1.25 1.25 1.20 1.14 1.14 1.14 1.14 1.13 1.13 1.13 1.14 1.15 1.15 1.15 1.18 1.20 1.20 1.20 1.19 1.18
 0 1.20 1.22 1.22 1.23 1.23 1.23 1.18 1.14 1.14 1.14 1.14 1.15 1.15 1.15 1.17 1.18 1.18 1.18 1.20 1.22 1.22 1.22 1.22 1.22
Table 3d:    foF2 variability:    Upper Decile,  Equinox,  R12<50
90 1.35 1.35 1.35 1.35 1.35 1.35 1.35 1.35 1.35 1.35 1.35 1.35 1.35 1.35 1.35 1.35 1.35 1.35 1.35 1.35 1.35 1.35 1.35 1.35
85 1.38 1.38 1.36 1.34 1.34 1.34 1.32 1.32 1.32 1.32 1.32 1.30 1.30 1.30 1.32 1.34 1.34 1.34 1.38 1.42 1.42 1.42 1.40 1.38
80 1.42 1.42 1.37 1.32 1.32 1.32 1.30 1.29 1.29 1.29 1.28 1.26 1.26 1.26 1.30 1.33 1.33 1.33 1.40 1.48 1.48 1.48 1.45 1.42
75 1.40 1.40 1.34 1.28 1.28 1.28 1.28 1.27 1.27 1.27 1.26 1.24 1.24 1.24 1.27 1.30 1.30 1.30 1.36 1.44 1.44 1.44 1.42 1.40
70 1.38 1.38 1.32 1.25 1.25 1.25 1.25 1.25 1.25 1.25 1.24 1.23 1.23 1.23 1.24 1.26 1.26 1.26 1.33 1.40 1.40 1.40 1.39 1.38
65 1.35 1.35 1.29 1.23 1.23 1.23 1.24 1.24 1.24 1.24 1.23 1.22 1.22 1.22 1.22 1.23 1.23 1.23 1.30 1.36 1.36 1.36 1.36 1.35
60 1.32 1.32 1.26 1.21 1.21 1.21 1.22 1.22 1.22 1.22 1.21 1.20 1.20 1.20 1.20 1.20 1.20 1.20 1.26 1.31 1.31 1.31 1.32 1.32
55 1.29 1.29 1.24 1.20 1.20 1.20 1.21 1.21 1.21 1.21 1.20 1.19 1.19 1.19 1.18 1.18 1.18 1.18 1.23 1.28 1.28 1.28 1.29 1.29
50 1.26 1.26 1.22 1.19 1.19 1.19 1.20 1.20 1.20 1.20 1.19 1.18 1.18 1.18 1.17 1.16 1.16 1.16 1.21 1.26 1.26 1.26 1.26 1.26
45 1.24 1.24 1.22 1.20 1.20 1.20 1.20 1.20 1.20 1.20 1.18 1.17 1.17 1.17 1.16 1.16 1.16 1.16 1.21 1.26 1.26 1.26 1.25 1.24
40 1.22 1.22 1.21 1.20 1.20 1.20 1.20 1.19 1.19 1.19 1.18 1.16 1.16 1.16 1.16 1.16 1.16 1.16 1.20 1.25 1.25 1.25 1.24 1.22
35 1.22 1.22 1.22 1.23 1.23 1.23 1.21 1.18 1.18 1.18 1.17 1.16 1.16 1.16 1.16 1.16 1.16 1.16 1.21 1.26 1.26 1.26 1.24 1.22
30 1.22 1.22 1.24 1.26 1.26 1.26 1.22 1.18 1.18 1.18 1.16 1.15 1.15 1.15 1.16 1.16 1.16 1.16 1.22 1.28 1.28 1.28 1.26 1.22
25 1.26 1.26 1.28 1.29 1.29 1.29 1.23 1.17 1.17 1.17 1.16 1.14 1.14 1.14 1.16 1.17 1.17 1.17 1.24 1.30 1.30 1.30 1.28 1.26
20 1.30 1.30 1.31 1.32 1.32 1.32 1.24 1.16 1.16 1.16 1.15 1.14 1.14 1.14 1.16 1.18 1.18 1.18 1.26 1.33 1.33 1.33 1.32 1.30
15 1.26 1.26 1.31 1.36 1.36 1.36 1.25 1.14 1.14 1.14 1.14 1.14 1.14 1.14 1.16 1.18 1.18 1.18 1.21 1.24 1.24 1.24 1.26 1.26
10 1.23 1.23 1.32 1.40 1.40 1.40 1.26 1.13 1.13 1.13 1.13 1.13 1.13 1.13 1.16 1.19 1.19 1.19 1.18 1.16 1.16 1.16 1.20 1.23
 5 1.23 1.23 1.32 1.40 1.40 1.40 1.26 1.13 1.13 1.13 1.13 1.13 1.13 1.13 1.16 1.19 1.19 1.19 1.18 1.16 1.16 1.16 1.20 1.23
 0 1.23 1.23 1.32 1.40 1.40 1.40 1.26 1.13 1.13 1.13 1.13 1.13 1.13 1.13 1.16 1.19 1.19 1.19 1.18 1.16 1.16 1.16 1.20 1.23
Table 3e:    foF2 variability:    Upper Decile,  Equinox,  50?R12?100
90 1.35 1.35 1.35 1.35 1.35 1.35 1.35 1.35 1.35 1.35 1.35 1.35 1.35 1.35 1.35 1.35 1.35 1.35 1.35 1.35 1.35 1.35 1.35 1.35
85 1.40 1.40 1.36 1.33 1.33 1.33 1.32 1.31 1.31 1.31 1.32 1.32 1.32 1.32 1.32 1.32 1.32 1.32 1.36 1.41 1.41 1.41 1.40 1.40
80 1.45 1.45 1.38 1.31 1.31 1.31 1.29 1.27 1.27 1.27 1.28 1.28 1.28 1.28 1.29 1.30 1.30 1.30 1.38 1.47 1.47 1.47 1.46 1.45
75 1.43 1.43 1.35 1.26 1.26 1.26 1.25 1.25 1.25 1.25 1.26 1.27 1.27 1.27 1.28 1.28 1.28 1.28 1.35 1.42 1.42 1.42 1.42 1.43
70 1.41 1.41 1.32 1.22 1.22 1.22 1.22 1.23 1.23 1.23 1.24 1.26 1.26 1.26 1.26 1.26 1.26 1.26 1.32 1.38 1.38 1.38 1.40 1.41
65 1.38 1.38 1.29 1.20 1.20 1.20 1.20 1.22 1.22 1.22 1.23 1.24 1.24 1.24 1.23 1.22 1.22 1.22 1.28 1.34 1.34 1.34 1.36 1.38
60 1.35 1.35 1.26 1.17 1.17 1.17 1.18 1.20 1.20 1.20 1.22 1.23 1.23 1.23 1.20 1.18 1.18 1.18 1.24 1.29 1.29 1.29 1.32 1.35
55 1.32 1.32 1.24 1.16 1.16 1.16 1.17 1.18 1.18 1.18 1.20 1.22 1.22 1.22 1.19 1.16 1.16 1.16 1.20 1.24 1.24 1.24 1.28 1.32
50 1.28 1.28 1.22 1.15 1.15 1.15 1.16 1.17 1.17 1.17 1.19 1.21 1.21 1.21 1.17 1.13 1.13 1.13 1.16 1.20 1.20 1.20 1.24 1.28
45 1.26 1.26 1.20 1.16 1.16 1.16 1.16 1.16 1.16 1.16 1.18 1.20 1.20 1.20 1.16 1.12 1.12 1.12 1.15 1.18 1.18 1.18 1.22 1.26
40 1.22 1.22 1.19 1.16 1.16 1.16 1.16 1.16 1.16 1.16 1.17 1.18 1.18 1.18 1.15 1.12 1.12 1.12 1.14 1.17 1.17 1.17 1.20 1.22
35 1.22 1.22 1.20 1.19 1.19 1.19 1.17 1.16 1.16 1.16 1.17 1.18 1.18 1.18 1.15 1.13 1.13 1.13 1.16 1.20 1.20 1.20 1.21 1.22
30 1.22 1.22 1.22 1.22 1.22 1.22 1.18 1.15 1.15 1.15 1.16 1.17 1.17 1.17 1.16 1.14 1.14 1.14 1.18 1.23 1.23 1.23 1.22 1.22
25 1.27 1.27 1.27 1.26 1.26 1.26 1.20 1.14 1.14 1.14 1.15 1.16 1.16 1.16 1.16 1.16 1.16 1.16 1.23 1.30 1.30 1.30 1.28 1.27
20 1.32 1.32 1.31 1.30 1.30 1.30 1.22 1.13 1.13 1.13 1.14 1.15 1.15 1.15 1.16 1.17 1.17 1.17 1.27 1.37 1.37 1.37 1.34 1.32
15 1.25 1.25 1.30 1.34 1.34 1.34 1.23 1.12 1.12 1.12 1.13 1.14 1.14 1.14 1.16 1.18 1.18 1.18 1.24 1.30 1.30 1.30 1.27 1.25
10 1.18 1.18 1.28 1.39 1.39 1.39 1.25 1.11 1.11 1.11 1.12 1.13 1.13 1.13 1.16 1.20 1.20 1.20 1.22 1.23 1.23 1.23 1.20 1.18
 5 1.18 1.18 1.28 1.39 1.39 1.39 1.25 1.11 1.11 1.11 1.12 1.13 1.13 1.13 1.16 1.20 1.20 1.20 1.22 1.23 1.23 1.23 1.20 1.18
 0 1.18 1.18 1.28 1.39 1.39 1.39 1.25 1.11 1.11 1.11 1.12 1.13 1.13 1.13 1.16 1.20 1.20 1.20 1.22 1.23 1.23 1.23 1.20 1.18
Table 3f:    foF2 variability:    Upper Decile,  Equinox,  R12>100
90 1.40 1.40 1.40 1.40 1.40 1.40 1.40 1.40 1.40 1.40 1.40 1.40 1.40 1.40 1.40 1.40 1.40 1.40 1.40 1.40 1.40 1.40 1.40 1.40
85 1.43 1.43 1.41 1.38 1.38 1.38 1.38 1.38 1.38 1.38 1.39 1.40 1.40 1.40 1.40 1.39 1.39 1.39 1.41 1.43 1.43 1.43 1.43 1.43
80 1.46 1.46 1.42 1.37 1.37 1.37 1.36 1.35 1.35 1.35 1.38 1.40 1.40 1.40 1.39 1.38 1.38 1.38 1.42 1.46 1.46 1.46 1.46 1.46
75 1.44 1.44 1.39 1.34 1.34 1.34 1.33 1.32 1.32 1.32 1.34 1.36 1.36 1.36 1.36 1.36 1.36 1.36 1.39 1.42 1.42 1.42 1.43 1.44
70 1.42 1.42 1.36 1.31 1.31 1.31 1.30 1.30 1.30 1.30 1.30 1.31 1.31 1.31 1.32 1.33 1.33 1.33 1.35 1.37 1.37 1.37 1.40 1.42
65 1.36 1.36 1.32 1.28 1.28 1.28 1.28 1.28 1.28 1.28 1.28 1.28 1.28 1.28 1.28 1.29 1.29 1.29 1.30 1.30 1.30 1.30 1.33 1.36
60 1.30 1.30 1.28 1.25 1.25 1.25 1.26 1.27 1.27 1.27 1.26 1.24 1.24 1.24 1.24 1.25 1.25 1.25 1.24 1.24 1.24 1.24 1.27 1.30
55 1.24 1.24 1.24 1.22 1.22 1.22 1.24 1.26 1.26 1.26 1.24 1.22 1.22 1.22 1.21 1.20 1.20 1.20 1.20 1.20 1.20 1.20 1.22 1.24
50 1.18 1.18 1.19 1.20 1.20 1.20 1.22 1.25 1.25 1.25 1.22 1.20 1.20 1.20 1.18 1.16 1.16 1.16 1.16 1.17 1.17 1.17 1.18 1.18
45 1.16 1.16 1.17 1.18 1.18 1.18 1.19 1.21 1.21 1.21 1.19 1.18 1.18 1.18 1.16 1.14 1.14 1.14 1.15 1.16 1.16 1.16 1.16 1.16
40 1.15 1.15 1.16 1.16 1.16 1.16 1.16 1.17 1.17 1.17 1.16 1.16 1.16 1.16 1.14 1.12 1.12 1.12 1.13 1.14 1.14 1.14 1.14 1.15
35 1.20 1.20 1.18 1.17 1.17 1.17 1.15 1.14 1.14 1.14 1.13 1.13 1.13 1.13 1.12 1.12 1.12 1.12 1.13 1.14 1.14 1.14 1.17 1.20
30 1.25 1.25 1.22 1.18 1.18 1.18 1.14 1.10 1.10 1.10 1.10 1.10 1.10 1.10 1.10 1.11 1.11 1.11 1.13 1.15 1.15 1.15 1.20 1.25
25 1.28 1.28 1.26 1.25 1.25 1.25 1.18 1.10 1.10 1.10 1.10 1.10 1.10 1.10 1.11 1.12 1.12 1.12 1.15 1.18 1.18 1.18 1.23 1.28
20 1.31 1.31 1.32 1.32 1.32 1.32 1.22 1.11 1.11 1.11 1.11 1.11 1.11 1.11 1.12 1.12 1.12 1.12 1.16 1.20 1.20 1.20 1.26 1.31
15 1.26 1.26 1.27 1.28 1.28 1.28 1.19 1.10 1.10 1.10 1.13 1.16 1.16 1.16 1.14 1.13 1.13 1.13 1.17 1.22 1.22 1.22 1.24 1.26
10 1.21 1.21 1.22 1.23 1.23 1.23 1.16 1.09 1.09 1.09 1.14 1.20 1.20 1.20 1.17 1.14 1.14 1.14 1.18 1.23 1.23 1.23 1.22 1.21
 5 1.21 1.21 1.22 1.23 1.23 1.23 1.16 1.09 1.09 1.09 1.14 1.20 1.20 1.20 1.17 1.14 1.14 1.14 1.18 1.23 1.23 1.23 1.22 1.21
 0 1.21 1.21 1.22 1.23 1.23 1.23 1.16 1.09 1.09 1.09 1.14 1.20 1.20 1.20 1.17 1.14 1.14 1.14 1.18 1.23 1.23 1.23 1.22 1.21
Table 3g:    foF2 variability:    Upper Decile,  Summer,  R12<50
90 1.21 1.21 1.21 1.21 1.21 1.21 1.21 1.21 1.21 1.21 1.21 1.21 1.21 1.21 1.21 1.21 1.21 1.21 1.21 1.21 1.21 1.21 1.21 1.21
85 1.24 1.24 1.23 1.22 1.22 1.22 1.20 1.18 1.18 1.18 1.18 1.19 1.19 1.19 1.20 1.21 1.21 1.21 1.22 1.22 1.22 1.22 1.22 1.24
80 1.26 1.26 1.25 1.24 1.24 1.24 1.20 1.15 1.15 1.15 1.16 1.17 1.17 1.17 1.19 1.21 1.21 1.21 1.22 1.22 1.22 1.22 1.24 1.26
75 1.24 1.24 1.22 1.21 1.21 1.21 1.18 1.14 1.14 1.14 1.15 1.16 1.16 1.16 1.17 1.18 1.18 1.18 1.19 1.20 1.20 1.20 1.22 1.24
70 1.22 1.22 1.20 1.18 1.18 1.18 1.16 1.14 1.14 1.14 1.14 1.15 1.15 1.15 1.16 1.16 1.16 1.16 1.17 1.18 1.18 1.18 1.20 1.22
65 1.20 1.20 1.19 1.18 1.18 1.18 1.16 1.14 1.14 1.14 1.14 1.15 1.15 1.15 1.15 1.15 1.15 1.15 1.16 1.16 1.16 1.16 1.18 1.20
60 1.18 1.18 1.18 1.17 1.17 1.17 1.16 1.14 1.14 1.14 1.14 1.15 1.15 1.15 1.14 1.14 1.14 1.14 1.14 1.15 1.15 1.15 1.16 1.18
55 1.18 1.18 1.18 1.18 1.18 1.18 1.16 1.14 1.14 1.14 1.15 1.16 1.16 1.16 1.15 1.14 1.14 1.14 1.14 1.15 1.15 1.15 1.16 1.18
50 1.17 1.17 1.18 1.20 1.20 1.20 1.18 1.15 1.15 1.15 1.16 1.16 1.16 1.16 1.15 1.14 1.14 1.14 1.14 1.15 1.15 1.15 1.16 1.17
45 1.17 1.17 1.20 1.22 1.22 1.22 1.19 1.16 1.16 1.16 1.16 1.16 1.16 1.16 1.15 1.14 1.14 1.14 1.15 1.16 1.16 1.16 1.16 1.17
40 1.17 1.17 1.21 1.25 1.25 1.25 1.21 1.17 1.17 1.17 1.17 1.17 1.17 1.17 1.16 1.15 1.15 1.15 1.16 1.16 1.16 1.16 1.16 1.17
35 1.18 1.18 1.23 1.28 1.28 1.28 1.22 1.17 1.17 1.17 1.18 1.18 1.18 1.18 1.18 1.17 1.17 1.17 1.18 1.18 1.18 1.18 1.18 1.18
30 1.18 1.18 1.24 1.30 1.30 1.30 1.24 1.17 1.17 1.17 1.18 1.20 1.20 1.20 1.20 1.19 1.19 1.19 1.20 1.20 1.20 1.20 1.19 1.18
25 1.19 1.19 1.26 1.32 1.32 1.32 1.24 1.16 1.16 1.16 1.19 1.22 1.22 1.22 1.21 1.20 1.20 1.20 1.21 1.22 1.22 1.22 1.20 1.19
20 1.20 1.20 1.27 1.34 1.34 1.34 1.24 1.14 1.14 1.14 1.19 1.24 1.24 1.24 1.23 1.22 1.22 1.22 1.22 1.23 1.23 1.23 1.22 1.20
15 1.20 1.20 1.28 1.36 1.36 1.36 1.24 1.13 1.13 1.13 1.20 1.27 1.27 1.27 1.26 1.24 1.24 1.24 1.23 1.22 1.22 1.22 1.21 1.20
10 1.20 1.20 1.28 1.37 1.37 1.37 1.24 1.12 1.12 1.12 1.21 1.30 1.30 1.30 1.28 1.27 1.27 1.27 1.24 1.20 1.20 1.20 1.20 1.20
 5 1.20 1.20 1.28 1.37 1.37 1.37 1.24 1.12 1.12 1.12 1.21 1.30 1.30 1.30 1.28 1.27 1.27 1.27 1.24 1.20 1.20 1.20 1.20 1.20
 0 1.24 1.24 1.30 1.38 1.38 1.38 1.26 1.15 1.15 1.15 1.18 1.22 1.22 1.22 1.21 1.20 1.20 1.20 1.20 1.20 1.20 1.20 1.22 1.24
Table 3h:    foF2 variability:    Upper Decile,  Summer,  50?R12?100
90 1.22 1.22 1.22 1.22 1.22 1.22 1.22 1.22 1.22 1.22 1.22 1.22 1.22 1.22 1.22 1.22 1.22 1.22 1.22 1.22 1.22 1.22 1.22 1.22
85 1.24 1.24 1.24 1.22 1.22 1.22 1.22 1.21 1.21 1.21 1.20 1.20 1.20 1.20 1.22 1.23 1.23 1.23 1.23 1.22 1.22 1.22 1.24 1.24
80 1.27 1.27 1.25 1.23 1.23 1.23 1.22 1.20 1.20 1.20 1.19 1.18 1.18 1.18 1.21 1.24 1.24 1.24 1.24 1.23 1.23 1.23 1.25 1.27
75 1.25 1.25 1.23 1.21 1.21 1.21 1.20 1.20 1.20 1.20 1.19 1.18 1.18 1.18 1.19 1.20 1.20 1.20 1.21 1.21 1.21 1.21 1.23 1.25
70 1.23 1.23 1.21 1.19 1.19 1.19 1.19 1.19 1.19 1.19 1.18 1.17 1.17 1.17 1.17 1.17 1.17 1.17 1.18 1.19 1.19 1.19 1.21 1.23
65 1.22 1.22 1.20 1.18 1.18 1.18 1.19 1.19 1.19 1.19 1.18 1.17 1.17 1.17 1.16 1.16 1.16 1.16 1.17 1.18 1.18 1.18 1.20 1.22
60 1.20 1.20 1.19 1.18 1.18 1.18 1.18 1.19 1.19 1.19 1.18 1.17 1.17 1.17 1.16 1.14 1.14 1.14 1.16 1.17 1.17 1.17 1.18 1.20
55 1.18 1.18 1.18 1.18 1.18 1.18 1.19 1.20 1.20 1.20 1.18 1.17 1.17 1.17 1.16 1.14 1.14 1.14 1.16 1.16 1.16 1.16 1.17 1.18
50 1.17 1.17 1.18 1.19 1.19 1.19 1.20 1.21 1.21 1.21 1.19 1.17 1.17 1.17 1.16 1.15 1.15 1.15 1.16 1.16 1.16 1.16 1.16 1.17
45 1.17 1.17 1.19 1.20 1.20 1.20 1.21 1.22 1.22 1.22 1.20 1.18 1.18 1.18 1.17 1.16 1.16 1.16 1.16 1.16 1.16 1.16 1.17 1.17
40 1.17 1.17 1.20 1.22 1.22 1.22 1.22 1.23 1.23 1.23 1.20 1.18 1.18 1.18 1.18 1.17 1.17 1.17 1.17 1.17 1.17 1.17 1.17 1.17
35 1.18 1.18 1.22 1.26 1.26 1.26 1.24 1.22 1.22 1.22 1.20 1.18 1.18 1.18 1.18 1.18 1.18 1.18 1.18 1.18 1.18 1.18 1.18 1.18
30 1.20 1.20 1.25 1.30 1.30 1.30 1.26 1.22 1.22 1.22 1.20 1.19 1.19 1.19 1.19 1.19 1.19 1.19 1.18 1.18 1.18 1.18 1.19 1.20
25 1.23 1.23 1.28 1.34 1.34 1.34 1.27 1.20 1.20 1.20 1.20 1.21 1.21 1.21 1.21 1.21 1.21 1.21 1.22 1.23 1.23 1.23 1.23 1.23
20 1.26 1.26 1.32 1.38 1.38 1.38 1.28 1.17 1.17 1.17 1.20 1.23 1.23 1.23 1.23 1.23 1.23 1.23 1.26 1.28 1.28 1.28 1.27 1.26
15 1.26 1.26 1.34 1.41 1.41 1.41 1.28 1.14 1.14 1.14 1.20 1.26 1.26 1.26 1.26 1.26 1.26 1.26 1.25 1.25 1.25 1.25 1.26 1.26
10 1.26 1.26 1.35 1.44 1.44 1.44 1.28 1.11 1.11 1.11 1.20 1.28 1.28 1.28 1.28 1.28 1.28 1.28 1.25 1.22 1.22 1.22 1.24 1.26
 5 1.26 1.26 1.35 1.44 1.44 1.44 1.28 1.11 1.11 1.11 1.20 1.28 1.28 1.28 1.28 1.28 1.28 1.28 1.25 1.22 1.22 1.22 1.24 1.26
 0 1.24 1.24 1.34 1.35 1.35 1.35 1.24 1.12 1.12 1.12 1.17 1.20 1.20 1.20 1.21 1.22 1.22 1.22 1.22 1.22 1.22 1.22 1.23 1.24
Table 3i:    foF2 variability:    Upper Decile,  Summer,  R12>100
90 1.23 1.23 1.23 1.23 1.23 1.23 1.23 1.23 1.23 1.23 1.23 1.23 1.23 1.23 1.23 1.23 1.23 1.23 1.23 1.23 1.23 1.23 1.23 1.23
85 1.26 1.26 1.26 1.25 1.25 1.25 1.22 1.20 1.20 1.20 1.20 1.19 1.19 1.19 1.21 1.23 1.23 1.23 1.24 1.24 1.24 1.24 1.25 1.26
80 1.30 1.30 1.28 1.27 1.27 1.27 1.22 1.17 1.17 1.17 1.16 1.15 1.15 1.15 1.19 1.23 1.23 1.23 1.24 1.24 1.24 1.24 1.27 1.30
75 1.26 1.26 1.25 1.24 1.24 1.24 1.21 1.18 1.18 1.18 1.17 1.16 1.16 1.16 1.19 1.22 1.22 1.22 1.23 1.24 1.24 1.24 1.25 1.26
70 1.22 1.22 1.22 1.22 1.22 1.22 1.21 1.20 1.20 1.20 1.19 1.18 1.18 1.18 1.20 1.21 1.21 1.21 1.22 1.23 1.23 1.23 1.22 1.22
65 1.19 1.19 1.20 1.20 1.20 1.20 1.22 1.23 1.23 1.23 1.22 1.20 1.20 1.20 1.20 1.20 1.20 1.20 1.21 1.22 1.22 1.22 1.20 1.19
60 1.16 1.16 1.17 1.18 1.18 1.18 1.22 1.26 1.26 1.26 1.24 1.21 1.21 1.21 1.20 1.19 1.19 1.19 1.20 1.21 1.21 1.21 1.18 1.16
55 1.15 1.15 1.16 1.16 1.16 1.16 1.22 1.28 1.28 1.28 1.26 1.24 1.24 1.24 1.21 1.19 1.19 1.19 1.19 1.20 1.20 1.20 1.17 1.15
50 1.14 1.14 1.14 1.15 1.15 1.15 1.22 1.30 1.30 1.30 1.28 1.26 1.26 1.26 1.22 1.19 1.19 1.19 1.18 1.18 1.18 1.18 1.16 1.14
45 1.14 1.14 1.14 1.14 1.14 1.14 1.22 1.30 1.30 1.30 1.28 1.26 1.26 1.26 1.23 1.19 1.19 1.19 1.18 1.17 1.17 1.17 1.16 1.14
40 1.14 1.14 1.14 1.14 1.14 1.14 1.22 1.30 1.30 1.30 1.28 1.27 1.27 1.27 1.23 1.19 1.19 1.19 1.18 1.16 1.16 1.16 1.15 1.14
35 1.15 1.15 1.15 1.14 1.14 1.14 1.21 1.28 1.28 1.28 1.26 1.28 1.28 1.28 1.21 1.18 1.18 1.18 1.17 1.16 1.16 1.16 1.15 1.15
30 1.16 1.16 1.16 1.15 1.15 1.15 1.20 1.25 1.25 1.25 1.22 1.20 1.20 1.20 1.18 1.17 1.17 1.17 1.16 1.15 1.15 1.15 1.16 1.16
25 1.18 1.18 1.18 1.18 1.18 1.18 1.20 1.22 1.22 1.22 1.20 1.18 1.18 1.18 1.18 1.18 1.18 1.18 1.17 1.17 1.17 1.17 1.18 1.18
20 1.21 1.21 1.22 1.22 1.22 1.22 1.20 1.18 1.18 1.18 1.16 1.15 1.15 1.15 1.16 1.18 1.18 1.18 1.18 1.19 1.19 1.19 1.20 1.21
15 1.23 1.23 1.22 1.22 1.22 1.22 1.19 1.16 1.16 1.16 1.16 1.16 1.16 1.16 1.18 1.20 1.20 1.20 1.20 1.21 1.21 1.21 1.22 1.23
10 1.25 1.25 1.23 1.21 1.21 1.21 1.17 1.13 1.13 1.13 1.15 1.17 1.17 1.17 1.20 1.22 1.22 1.22 1.22 1.23 1.23 1.23 1.24 1.25
 5 1.25 1.25 1.23 1.21 1.21 1.21 1.17 1.13 1.13 1.13 1.15 1.17 1.17 1.17 1.20 1.22 1.22 1.22 1.22 1.23 1.23 1.23 1.24 1.25
 0 1.20 1.22 1.22 1.23 1.23 1.23 1.18 1.14 1.14 1.14 1.14 1.15 1.15 1.15 1.17 1.18 1.18 1.18 1.20 1.22 1.22 1.22 1.22 1.22
