RH155/40.3/68      :Sample type 14  Point-to-Point gain @ 30 freqs
 3     3 parameters
  0.00  [ 1] Max Gain dBi..:
  14    [ 2] Antenna Type..: 30 x (efficiency + 91 gain values) follow
10.00   [ 3] Frequency
 1   .00    .000   .000   .000   .000   .000   .000   .000   .000   .000   .000
            .000   .000   .000   .000   .000   .000   .000   .000   .000   .000
            .000   .000   .000   .000   .000   .000   .000   .000   .000   .000
            .000   .000   .000   .000   .000   .000   .000   .000   .000   .000
            .000   .000   .000   .000   .000   .000   .000   .000   .000   .000
            .000   .000   .000   .000   .000   .000   .000   .000   .000   .000
            .000   .000   .000   .000   .000   .000   .000   .000   .000   .000
            .000   .000   .000   .000   .000   .000   .000   .000   .000   .000
            .000   .000   .000   .000   .000   .000   .000   .000   .000   .000
            .000
 2 -1.70 -11.700-11.700-11.700-11.700-11.700-11.700-11.700-11.700-11.700-11.700
         -11.700 -9.782 -8.810 -7.890 -7.015 -6.180 -5.381 -4.616 -3.883 -3.180
          -2.505 -1.857 -1.236  -.641  -.072   .472   .992  1.487  1.958  2.405
           2.829  3.228  3.604  3.957  4.286  4.592  4.874  5.133  5.369  5.580
           5.769  5.933  6.073  6.189  6.281  6.348  6.390  6.407  6.398  6.363
           6.301  6.213  6.097  5.953  5.780  5.577  5.344  5.079  4.782  4.452
           4.086  3.685  3.245  2.766  2.245  1.680  1.068   .407  -.307 -1.079
          -1.912 -2.812 -3.786 -4.841 -5.986 -7.234 -8.598-11.700-11.700-11.700
         -11.700-11.700-11.700-11.700-11.700-11.700-11.700-11.700-11.700-11.700
         -11.700
 3 -1.70 -11.700-11.700-11.700-11.700 -9.618 -7.623 -5.963 -4.530 -3.261 -2.117
          -1.069  -.102   .798  1.641  2.431  3.175  3.875  4.534  5.154  5.737
           6.282  6.792  7.265  7.704  8.107  8.474  8.806  9.102  9.362  9.586
           9.772  9.922 10.033 10.105 10.138 10.131 10.082  9.991  9.856  9.677
           9.451  9.178  8.855  8.480  8.051  7.566  7.022  6.415  5.742  4.999
           4.180  3.279  2.290  1.203   .010 -1.303 -2.752 -4.355 -6.140 -8.140
         -11.700-11.700-11.700-11.700-11.700-11.700-11.700-11.700-11.700-11.700
         -11.700-11.700-11.700-11.700-11.700-11.700-11.700-11.700-11.700-11.700
          -9.527 -8.869 -8.343 -7.939 -7.648 -7.463 -7.380 -7.396 -7.510 -7.720
          -8.027
 4 -1.70 -11.700-11.700 -8.657 -5.148 -2.646  -.690   .923  2.303  3.510  4.586
           5.556  6.438  7.244  7.983  8.661  9.281  9.848 10.362 10.826 11.240
          11.603 11.917 12.181 12.394 12.554 12.662 12.716 12.714 12.655 12.537
          12.358 12.115 11.806 11.428 10.978 10.452  9.847  9.157  8.377  7.502
           6.524  5.436  4.228  2.888  1.404  -.242 -2.071 -4.109 -6.394 -8.974
         -11.700-11.700-11.700-11.700-11.700-11.700-11.700-11.700-11.700-11.700
         -11.700-11.700-11.700-11.700-11.700-11.700-11.700 -9.874 -8.838 -8.001
          -7.356 -6.897 -6.620 -6.526 -6.618 -6.902 -7.387 -8.087 -9.022-11.700
         -11.700-11.700-11.700-11.700-11.700-11.700-11.700-11.700-11.700-11.700
         -11.700
 5 -1.70 -11.700 -9.305 -3.334   .147  2.612  4.522  6.081  7.395  8.528  9.519
          10.393 11.168 11.855 12.462 12.994 13.455 13.847 14.171 14.427 14.615
          14.732 14.778 14.751 14.648 14.465 14.200 13.848 13.404 12.864 12.222
          11.471 10.603  9.609  8.481  7.206  5.772  4.166  2.372   .373 -1.846
          -4.302 -7.005 -9.970-11.700-11.700-11.700-11.700-11.700-11.700-11.700
         -11.700-11.700-11.700-11.700-11.700 -9.423 -6.955 -4.946 -3.322 -2.032
          -1.044  -.334   .111   .297   .226  -.111  -.726 -1.643 -2.897 -4.541
          -6.658 -9.378-11.700-11.700-11.700-11.700-11.700-11.700-11.700-11.700
         -11.700-11.700 -7.545 -5.667 -4.266 -3.265 -2.617 -2.292 -2.274 -2.558
          -3.150
 6 -1.70 -11.700 -5.072   .879  4.328  6.751  8.608 10.101 11.339 12.382 13.270
          14.028 14.671 15.211 15.653 16.003 16.262 16.431 16.508 16.492 16.378
          16.164 15.845 15.413 14.861 14.182 13.365 12.398 11.268  9.959  8.454
           6.732  4.777  2.574   .131 -2.506 -5.214 -7.807-11.700-11.700-11.700
         -11.700-11.700-11.700-11.700-11.700-11.700-11.700-11.700 -7.796 -4.605
          -2.098  -.129  1.394  2.528  3.310  3.762  3.893  3.705  3.186  2.314
           1.051  -.661 -2.919 -5.877 -9.814-11.700-11.700-11.700-11.700-11.700
         -11.700-11.700 -8.178 -5.496 -3.572 -2.241 -1.410 -1.023 -1.053 -1.495
          -2.363 -3.693 -5.555 -8.065-11.700-11.700-11.700-11.700-11.700-11.700
         -11.700
 7 -1.70 -11.700 -1.632  4.297  7.711 10.086 11.881 13.298 14.445 15.383 16.149
          16.766 17.251 17.611 17.851 17.974 17.978 17.862 17.619 17.244 16.727
          16.058 15.223 14.206 12.987 11.541  9.840  7.850  5.543  2.916   .053
          -2.744 -4.944 -6.340 -7.454 -8.957-11.700-11.700-11.700-11.700-11.700
         -11.700-11.700-11.700 -6.173 -2.573   .162  2.241  3.787  4.873  5.544
           5.826  5.727  5.240  4.347  3.008  1.158 -1.312 -4.581 -8.987-11.700
         -11.700-11.700-11.700-11.700-11.700 -9.976 -6.961 -4.940 -3.668 -3.014
          -2.907 -3.318 -4.252 -5.745 -7.882-11.700-11.700-11.700-11.700-11.700
         -11.700-11.700-11.700-11.700-11.700-11.700 -9.547 -8.810 -8.674 -9.117
         -11.700
 8 -1.70 -11.700  1.202  7.106 10.481 12.801 14.525 15.855 16.898 17.711 18.333
          18.784 19.078 19.220 19.212 19.053 18.736 18.252 17.588 16.728 15.650
          14.326 12.718 10.781  8.460  5.704  2.539  -.678 -2.937 -3.687 -3.965
          -4.746 -6.451 -9.405-11.700-11.700-11.700-11.700-11.700-11.700 -5.228
          -1.278  1.624  3.754  5.266  6.248  6.751  6.801  6.403  5.545  4.191
           2.282  -.289 -3.697 -8.274-11.700-11.700-11.700-11.700-11.700-11.700
         -11.700 -8.949 -7.202 -6.160 -5.689 -5.735 -6.305 -7.464 -9.344-11.700
         -11.700-11.700-11.700-11.700-11.700-11.700-11.700-11.700 -7.593 -5.958
          -5.168 -5.157 -5.928 -7.557-11.700-11.700-11.700-11.700-11.700-11.700
         -11.700
 9 -1.70 -11.700  3.549  9.425 12.756 15.014 16.657 17.888 18.809 19.479 19.932
          20.187 20.253 20.131 19.818 19.305 18.575 17.608 16.371 14.824 12.909
          10.549  7.648  4.148   .392 -1.989 -2.040 -1.701 -2.148 -3.675 -6.522
         -11.700-11.700-11.700-11.700-11.700 -8.640 -3.167   .636  3.344  5.235
           6.460  7.103  7.207  6.790  5.842  4.333  2.202  -.655 -4.416 -9.411
         -11.700-11.700-11.700-11.700-11.700-11.700-11.700 -7.214 -4.675 -2.973
          -2.051 -1.905 -2.586 -4.218 -7.054-11.700-11.700-11.700-11.700-11.700
         -11.700 -6.884 -3.602 -1.626  -.692  -.697 -1.644 -3.641 -6.965-11.700
         -11.700-11.700-11.700-11.700-11.700 -6.807 -4.137 -2.719 -2.345 -2.956
          -4.607
10 -1.70 -11.700  5.487 11.333 14.614 16.802 18.355 19.472 20.254 20.758 21.014
          21.037 20.831 20.388 19.697 18.733 17.460 15.828 13.761 11.150  7.842
           3.732  -.405 -1.544  -.523  -.134  -.930 -3.030 -6.758-11.700-11.700
         -11.700-11.700-11.700 -3.613   .643  3.563  5.520  6.702  7.209  7.090
           6.361  5.010  3.002   .282 -3.226 -7.635-11.700-11.700-11.700-11.700
         -11.700-11.700 -8.337 -3.890  -.871  1.042  1.995  2.033  1.118  -.890
          -4.309 -9.878-11.700-11.700-11.700-11.700 -6.727 -2.704  -.373   .689
            .646  -.491 -2.857 -6.817-11.700-11.700-11.700-11.700-11.700 -8.091
          -4.851 -3.202 -2.824 -3.630 -5.709 -9.388-11.700-11.700-11.700-11.700
         -11.700
11 -1.70 -11.700  7.070 12.883 16.109 18.219 19.669 20.657 21.281 21.594 21.621
          21.370 20.836 20.000 18.829 17.273 15.250 12.638  9.238  4.804  -.130
          -1.316   .295   .885   .052 -2.256 -6.416-11.700-11.700-11.700-11.700
          -6.719 -1.129  2.534  4.930  6.360  6.974  6.843  5.992  4.424  2.149
           -.749 -4.028 -7.429-11.700-11.700-11.700-11.700-11.700-11.700 -4.293
           -.106  2.571  4.069  4.527  3.966  2.299  -.715 -5.639-11.700-11.700
         -11.700-11.700 -7.345 -3.092  -.825  -.007  -.448 -2.152 -5.324-11.700
         -11.700-11.700-11.700-11.700-11.700 -8.687 -6.812 -6.424 -7.400 -9.861
         -11.700-11.700-11.700-11.700-11.700-11.700-11.700 -9.617 -8.989 -9.835
         -11.700
12 -1.70 -11.700  8.336 14.112 17.277 19.300 20.635 21.477 21.921 22.014 21.773
          21.198 20.266 18.938 17.143 14.771 11.631  7.403  1.817 -1.842   .091
           1.349   .894 -1.207 -5.267-11.700-11.700-11.700-11.700 -5.500  -.104
           3.325  5.426  6.485  6.629  5.914  4.369  2.111  -.424 -2.452 -3.968
          -6.141-11.700-11.700-11.700-11.700-11.700 -3.614  1.048  3.909  5.427
           5.787  5.026  3.050  -.416 -6.041-11.700-11.700-11.700-11.700 -7.249
          -4.017 -2.678 -2.790 -4.216 -7.048-11.700-11.700-11.700-11.700-11.700
         -11.700 -8.211 -5.695 -4.888 -5.714 -8.424-11.700-11.700-11.700-11.700
         -11.700 -7.794 -4.922 -4.006 -4.848 -7.636-11.700-11.700-11.700-11.700
         -11.700
13 -1.70 -11.700  9.310 15.046 18.143 20.069 21.275 21.952 22.191 22.030 21.476
          20.511 19.090 17.130 14.486 10.901  5.899  -.627 -1.655   .872  1.357
           -.085 -3.543 -9.935-11.700-11.700-11.700 -5.791  -.073  3.431  5.454
           6.298  6.088  4.875  2.818   .653  -.276  -.339 -1.127 -3.604 -8.767
         -11.700-11.700-11.700 -6.403  -.131  3.578  5.597  6.268  5.701  3.855
            .508 -4.891-11.700-11.700-11.700-11.700-11.700 -6.758 -4.849 -4.129
          -4.589 -6.569-11.700-11.700-11.700-11.700-11.700 -5.649 -2.037  -.570
           -.967 -3.375 -8.525-11.700-11.700-11.700 -9.561 -4.042 -1.482 -1.066
          -2.674 -6.720-11.700-11.700-11.700-11.700 -6.688 -3.386 -2.448 -3.582
          -7.057
14 -1.70 -11.700 10.009 15.700 18.722 20.540 21.601 22.093 22.097 21.642 20.718
          19.283 17.245 14.440 10.553  4.953 -2.342 -1.563   .811   .632 -1.760
          -6.801-11.700-11.700-11.700 -7.554  -.899  3.033  5.233  6.069  5.673
           4.118  1.901   .910  1.829  2.466  1.677 -1.019 -6.513-11.700-11.700
         -11.700 -4.558  1.228  4.444  5.912  5.940  4.599  1.788 -2.819-11.700
         -11.700-11.700-11.700-11.700 -6.947 -2.925  -.780  -.392 -1.917 -5.958
         -11.700-11.700-11.700 -9.237 -2.624   .614  1.557   .441 -3.024-11.700
         -11.700-11.700-11.700 -5.689 -2.139 -1.209 -2.537 -6.434-11.700-11.700
         -11.700-11.700 -7.637 -4.767 -4.461 -6.548-11.700-11.700-11.700-11.700
         -11.700
15 -1.70 -11.700 10.441 16.083 19.021 20.718 21.617 21.899 21.634 20.836 19.472
          17.455 14.614 10.611  4.706 -3.500 -2.226   .079  -.621 -3.970-11.700
         -11.700-11.700-11.700 -2.725  2.111  4.816  5.921  5.590  3.897  1.671
           1.846  3.824  4.838  4.230  1.726 -3.394-11.700-11.700-11.700 -4.817
           1.140  4.220  5.369  4.921  2.956  -.599 -5.952-11.700-11.700-11.700
         -11.700 -7.510 -1.548  1.713  2.893  2.091 -1.018 -7.611-11.700-11.700
         -11.700 -3.153   .620  1.718   .547 -3.130-11.700-11.700-11.700-11.700
          -7.215 -4.396 -4.297 -6.690-11.700-11.700-11.700-11.700-11.700 -8.888
          -7.644 -9.055-11.700-11.700-11.700-11.700-11.700 -9.708 -8.344 -9.780
         -11.700
16 -1.70 -11.700 10.607 16.195 19.040 20.602 21.319 21.360 20.786 19.585 17.688
          14.934 10.997  5.133 -3.910 -3.799 -1.235 -2.298 -6.639-11.700-11.700
         -11.700 -6.054   .422  4.064  5.789  5.867  4.328  1.861  2.282  5.059
           6.644  6.510  4.540   .247 -7.972-11.700-11.700 -7.069  -.141  3.192
           4.262  3.528  1.215 -2.320 -6.509-11.700-11.700-11.700-11.700 -3.782
           1.644  4.299  4.776  3.104 -1.228-11.700-11.700-11.700 -7.517 -1.862
            .171  -.391 -3.473 -9.845-11.700-11.700-11.700-11.700 -6.833 -5.602
          -6.974-11.700-11.700-11.700-11.700 -8.517 -4.329 -3.477 -5.729-11.700
         -11.700-11.700-11.700 -5.747 -3.250 -3.967 -8.194-11.700-11.700-11.700
          -8.969
17 -1.70 -11.700 10.502 16.029 18.770 20.180 20.690 20.457 19.522 17.842 15.285
          11.566  6.026 -2.995 -6.480 -3.154 -4.375 -9.760-11.700-11.700-11.700
          -2.563  2.636  5.404  6.289  5.360  2.740  1.855  5.234  7.725  8.362
           7.182  3.941 -2.286-11.700-11.700-11.700 -2.701  1.451  2.764  2.034
            .046 -1.800 -3.507 -7.440-11.700-11.700-11.700 -2.541  2.975  5.462
           5.616  3.467 -1.574-11.700-11.700-11.700 -7.900 -3.534 -2.551 -3.990
          -7.807-11.700-11.700-11.700-11.700 -4.814 -1.786 -1.896 -5.444-11.700
         -11.700-11.700 -5.905 -1.274  -.406 -2.937-11.700-11.700-11.700 -8.675
          -2.891 -1.431 -3.492-11.700-11.700-11.700-11.700 -4.499 -2.774 -4.641
         -11.700
18 -1.70 -11.700 10.112 15.570 18.194 19.433 19.706 19.155 17.794 15.532 12.140
           7.088 -1.044-11.700 -5.852 -6.908-11.700-11.700-11.700 -7.877  -.036
           4.314  6.416  6.574  4.676  1.662  3.974  7.759  9.518  9.360  7.288
           2.841 -5.528-11.700-11.700 -7.185 -1.139   .925   .631  -.117   .384
            .260 -2.530-11.700-11.700-11.700 -3.521  2.844  5.616  5.807  3.554
          -1.664-11.700-11.700-11.700-11.700 -5.711 -3.461 -3.303 -5.988-11.700
         -11.700-11.700 -5.736  -.176  1.439  -.317 -6.386-11.700-11.700 -8.515
          -1.788   .114 -1.648 -7.843-11.700-11.700-11.700 -4.572 -3.122 -5.543
         -11.700-11.700-11.700-11.700 -6.661 -6.174 -9.774-11.700-11.700-11.700
         -11.700
19 -1.70 -11.700  9.412 14.793 17.284 18.325 18.323 17.399 15.527 12.541  8.045
           1.019-11.700 -9.768-11.700-11.700-11.700-11.700 -4.890  1.914  5.689
           7.297  6.854  4.087  1.742  6.153  9.565 10.737  9.959  7.127  1.553
          -9.156-11.700-11.700 -5.174 -1.428  -.811  -.007  2.346  3.408  1.829
          -3.524-11.700-11.700 -7.198  1.253  4.858  5.453  3.425 -1.533-11.700
         -11.700-11.700-11.700 -4.220  -.288   .468 -2.265-11.700-11.700-11.700
          -3.181  1.618  2.365  -.552 -8.646-11.700-11.700 -6.606 -2.207 -2.235
          -6.317-11.700-11.700-11.700 -9.781 -6.729 -7.864-11.700-11.700-11.700
         -11.700 -8.227 -7.188-11.700-11.700-11.700-11.700 -9.309 -6.982 -9.230
         -11.700
20 -1.70 -11.700  8.365 13.657 15.993 16.803 16.477 15.103 12.598  8.680  2.649
          -7.618-11.700-11.700-11.700-11.700-11.700 -2.659  3.494  6.900  8.179
           7.298  3.818  2.493  7.771 10.848 11.615 10.370  6.915   .334-11.700
         -11.700-11.700 -4.909 -2.731  -.747  3.160  5.532  5.312  2.005 -6.200
         -11.700-11.700 -2.299  3.035  4.485  3.006 -1.305 -8.851-11.700-11.700
         -11.700 -2.524  2.232  3.345   .901 -6.689-11.700-11.700 -3.435  1.384
           1.785 -1.743-11.700-11.700-11.700 -8.637 -5.156 -5.832-11.700-11.700
         -11.700-11.700 -5.943 -3.828 -6.412-11.700-11.700-11.700 -4.982 -2.383
          -4.699-11.700-11.700-11.700 -5.162 -2.532 -4.943-11.700-11.700-11.700
          -5.688
21 -1.70 -11.700  6.913 12.099 14.251 14.785 14.063 12.128  8.809  3.624 -4.725
         -11.700-11.700-11.700-11.700-11.700  -.950  4.816  8.022  9.135  8.016
           4.018  3.125  8.839 11.767 12.298 10.731  6.803  -.601-11.700-11.700
         -11.700 -5.700 -2.979  2.296  6.316  7.657  6.226  1.330-11.700-11.700
          -9.531  -.365  2.687  2.182  -.950 -5.584-11.700-11.700-11.700 -3.210
           3.072  5.066  3.444 -2.706-11.700-11.700 -6.319  -.597  -.018 -3.535
         -11.700-11.700-11.700 -9.513 -4.176 -3.476 -7.791-11.700-11.700 -7.710
          -1.301  -.549 -5.117-11.700-11.700 -7.169 -1.278 -1.243 -6.952-11.700
         -11.700 -6.756 -2.267 -3.477-11.700-11.700-11.700 -6.158 -3.401 -6.230
         -11.700
22 -1.70 -11.700  4.963 10.021 11.947 12.134 10.908  8.236  3.796 -3.268-11.700
         -11.700-11.700-11.700 -8.993   .351  5.927  9.081 10.184  9.042  4.800
           3.258  9.419 12.413 12.869 11.127  6.892 -1.091-11.700-11.700-11.700
          -6.605  -.840  5.304  8.552  9.009  6.585   .260-11.700-11.700 -6.802
           -.448   .723  -.595 -1.918 -4.883-11.700-11.700 -7.562  1.943  5.532
           5.186   .759-11.700-11.700-11.700 -4.360 -2.637 -4.588-11.700-11.700
         -11.700 -7.364  -.781   .287 -3.961-11.700-11.700 -5.699   .283   .312
          -5.494-11.700-11.700 -5.827 -1.788 -3.629-11.700-11.700-11.700 -6.719
          -5.271 -9.844-11.700-11.700-11.700 -7.646 -9.075-11.700-11.700-11.700
         -11.700
23 -1.70 -11.700  2.370  7.262  8.892  8.620  6.700  2.968 -3.207-11.700-11.700
         -11.700-11.700 -7.720  1.276  6.832 10.063 11.294 10.334  6.228  2.831
           9.515 12.823 13.369 11.602  7.235 -1.042-11.700-11.700-11.700 -6.496
           1.724  7.516 10.117  9.914  6.699  -.852-11.700-11.700 -6.291 -1.952
           -.994   .591   .625 -4.059-11.700-11.700 -2.097  4.356  5.814  3.236
          -4.377-11.700-11.700 -9.728 -4.200 -2.286 -4.475-11.700-11.700 -8.095
            .504  2.459  -.953-11.700-11.700 -7.269  -.596  -.577 -6.657-11.700
         -11.700 -8.498 -5.123 -7.804-11.700-11.700-11.700 -7.748 -7.205-11.700
         -11.700-11.700 -7.970 -5.713-11.700-11.700-11.700 -9.034 -5.504 -8.814
         -11.700
24 -1.70 -11.700 -1.129  3.533  4.743  3.793   .794 -4.743-11.700-11.700-11.700
         -11.700 -7.210  1.797  7.499 10.929 12.407 11.791  8.204  2.324  9.046
          12.978 13.797 12.160  7.842  -.436-11.700-11.700-11.700 -5.499  3.671
           9.080 11.253 10.584  6.775 -1.738-11.700-11.700 -7.264 -3.233   .955
           3.703  2.567 -4.325-11.700-11.700   .593  4.863  4.400  -.473-11.700
         -11.700-11.700 -4.792   .471   .692 -5.184-11.700-11.700  -.816  2.954
           1.029 -7.940-11.700-11.700 -3.833 -2.985 -8.151-11.700-11.700-11.700
          -5.219 -6.226-11.700-11.700-11.700 -3.096 -3.172-11.700-11.700-11.700
          -2.741 -2.559-11.700-11.700-11.700 -3.174 -3.038-11.700-11.700-11.700
          -3.756
25 -1.70 -11.700 -6.046 -1.752 -1.238 -3.391 -8.541-11.700-11.700-11.700-11.700
          -7.765  1.797  7.861 11.616 13.445 13.287 10.458  3.398  7.810 12.812
          14.120 12.776  8.686   .680-11.700-11.700-11.700 -4.602  4.943 10.170
          12.115 11.159  6.947 -2.215-11.700-11.700 -8.683 -1.681  4.099  6.057
           3.699 -5.114-11.700 -8.718  1.412  3.867  1.562 -5.276-11.700-11.700
          -8.572   .891  3.752  1.212 -9.601-11.700 -5.809  1.407  1.560 -4.459
         -11.700-11.700 -8.960 -4.857 -6.325-11.700-11.700 -9.572 -1.745 -1.654
          -9.928-11.700 -9.130  -.900 -1.092 -9.948-11.700 -9.257 -1.790 -2.825
         -11.700-11.700 -9.056 -3.157 -5.518-11.700-11.700 -8.432 -4.366 -8.412
         -11.700
26 -1.70 -11.700-11.700-11.700-11.700-11.700-11.700-11.700-11.700-11.700-11.700
           1.005  7.792 12.037 14.321 14.700 12.716  6.665  5.470 12.180 14.266
          13.396  9.706  2.210-11.700-11.700-11.700 -4.335  5.626 10.899 12.798
          11.720  7.297 -2.191-11.700-11.700 -8.732  1.046  6.507  7.676  4.407
          -5.896-11.700 -7.311   .783  1.642 -1.686 -7.246-11.700-11.700 -2.626
           4.168  4.868  -.370-11.700-11.700 -3.162   .117 -2.954-11.700-11.700
         -11.700 -3.626 -1.410 -6.610-11.700-11.700  -.848   .999 -4.975-11.700
         -11.700 -1.759 -1.106 -9.019-11.700-11.700 -4.304 -5.599-11.700-11.700
         -11.700 -6.943-11.700-11.700-11.700-11.700 -8.673-11.700-11.700-11.700
          -9.364
27 -1.70 -11.700-11.700-11.700-11.700-11.700-11.700-11.700-11.700-11.700 -1.289
           7.059 12.069 14.936 15.922 14.785 10.373  2.720 10.804 14.119 13.938
          10.817  4.026 -9.745-11.700-11.700 -4.881  5.771 11.324 13.351 12.312
           7.861 -1.651-11.700-11.700 -7.447  3.163  8.183  8.832  4.958 -6.307
         -11.700 -7.623 -1.004  -.737 -1.536 -5.273-11.700-11.700   .765  5.604
           4.451 -3.493-11.700-11.700 -4.019 -2.980 -6.628-11.700-11.700 -4.549
           1.400  -.172-11.700-11.700 -3.602  1.313 -1.848-11.700-11.700 -5.893
          -3.271 -9.070-11.700-11.700 -8.017 -7.289-11.700-11.700-11.700 -5.351
          -8.409-11.700-11.700 -5.910 -4.940-11.700-11.700 -9.274 -4.252 -8.902
         -11.700
28 -1.70 -11.700-11.700-11.700-11.700-11.700 -7.149 -5.079 -8.255 -7.852  5.133
          11.501 15.167 16.848 16.548 13.602  5.511  8.117 13.486 14.287 11.915
           5.986 -6.016-11.700-11.700 -6.359  5.379 11.457 13.788 12.947  8.646
           -.633-11.700-11.700 -6.451  4.486  9.320  9.707  5.505 -6.168-11.700
          -9.310 -3.184  -.201  1.337 -3.261-11.700-11.700  2.383  5.715  2.893
          -7.784-11.700-11.700 -4.323 -1.608 -5.412-11.700-11.700   .590  3.039
          -2.427-11.700-11.700 -1.401 -1.204 -9.942-11.700-11.700 -6.069 -7.242
         -11.700-11.700 -6.800 -2.803 -8.537-11.700-11.700 -1.802 -3.872-11.700
         -11.700 -3.272 -2.347-11.700-11.700 -6.138 -2.311 -8.978-11.700 -9.999
          -3.001
29 -1.70 -11.700-11.700 -9.871 -4.876 -1.261   .761   .281 -7.140   .321  9.918
          14.828 17.363 17.919 16.213 10.777  3.498 12.015 14.283 12.874  7.946
          -2.298-11.700-11.700 -8.917  4.389 11.276 14.097 13.613  9.632   .805
         -11.700-11.700 -6.441  5.111 10.049 10.406  6.118 -5.478-11.700-11.700
          -3.662  2.506  3.898 -1.651-11.700 -9.265  2.681  4.780   .408-11.700
         -11.700 -9.957  -.286  1.501 -5.116-11.700 -6.241  2.548  2.071 -7.682
         -11.700 -8.864 -3.434 -6.579-11.700-11.700 -6.258 -2.128 -7.785-11.700
          -8.423  -.270 -2.670-11.700-11.700 -1.838 -1.800-11.700-11.700 -4.932
          -2.825-11.700-11.700 -8.353 -4.386-11.700-11.700-11.700 -5.662-11.700
         -11.700
30 -1.70 -11.700 -7.117  -.832  2.895  5.134  5.727  3.475 -9.300  6.163 13.574
          17.304 18.807 18.210 14.808  5.529  8.943 13.676 13.541  9.758  1.232
         -11.700-11.700-11.700  2.669 10.721 14.237 14.275 10.781  2.593-11.700
         -11.700 -7.650  5.098 10.438 10.979  6.818 -4.351-11.700-11.700 -2.150
           4.879  5.842  -.177-11.700 -9.348  1.896  2.944 -2.600-11.700-11.700
          -5.168  3.084  3.144 -6.241-11.700 -3.573  2.155 -1.019-11.700-11.700
          -8.300 -3.620 -7.232-11.700-11.700  -.132  -.542-11.700-11.700 -1.805
           -.042 -9.740-11.700 -6.168 -2.647-11.700-11.700-11.700 -6.094-11.700
         -11.700-11.700 -7.782-11.700-11.700-11.700 -7.901-11.700-11.700-11.700
          -8.159
