SWWhip for REC533   
 3     3 parameters
  0.00  [ 1] Max Gain dBi..:
  11    [ 2] Antenna Type..: 91 values gain in elevation angle follows
 -4.8   [ 3] Efficiency (for IONCAP)
  -20.0   -14.0   -11.0    -7.6    -5.4    -4.0    -3.2    -2.5    -1.8    -1.6
   -1.3    -1.1     -.9     -.6     -.5     -.4     -.2     -.1      .0      .0
     .0      .0      .0      .0      .0      .0     -.1     -.2     -.2     -.2
    -.3     -.3     -.4     -.5     -.5     -.6     -.7     -.8     -.8     -.9
   -1.0    -1.1    -1.2    -1.4    -1.5    -1.6    -1.8    -1.9    -2.0    -2.1
   -2.3    -2.4    -2.6    -2.7    -2.9    -3.1    -3.2    -3.4    -3.6    -3.7
   -3.9    -4.2    -4.4    -4.7    -5.0    -5.4    -5.7    -6.0    -6.4    -6.7
   -7.1    -7.5    -7.9    -8.4    -8.8    -9.3    -9.8   -10.4   -10.9   -11.4
  -12.0   -12.6   -13.2   -13.9   -14.6   -15.4   -16.2   -17.2   -18.2   -19.6
  -21.9
